50
0.1558,0.84282
0.98808,0.28297
0.13453,0.15456
0.62268,0.75246
0.35428,0.83096
0.61381,0.65342
0.4986,0.31523
0.67877,0.70412
0.37866,0.24145
0.80619,0.08986
0.62212,0.51228
0.31693,0.72341
0.37544,0.88353
0.88305,0.30741
0.05805,0.98569
0.29986,0.50137
0.56961,0.80466
0.16232,0.78977
0.17631,0.77222
0.41191,0.43605
0.3773,0.3148
0.37485,0.23154
0.84114,0.54681
0.15727,0.61227
0.67605,0.52007
0.05,0.86762
0.04567,0.8297
0.41827,0.2114
0.37487,0.15667
0.20521,0.39737
0.91571,0.54244
0.05581,0.93868
0.45018,0.37225
0.30521,0.34003
0.73463,0.39631
0.48859,0.81569
0.14265,0.17062
0.77091,0.72171
0.45225,0.88084
0.50448,0.86512
0.06919,0.57506
0.16906,0.60966
0.58159,0.66207
0.69806,0.09895
0.25461,0.26662
0.64113,0.35484
0.41877,0.80462
0.05079,0.32919
0.96029,0.405
0.03173,0.71722
