5000
0.57531,0.66368
0.52732,0.41943
0.09872,0.26107
0.731,0.07121
0.29657,0.14164
0.9959,0.68013
0.7277,0.1503
0.51233,0.78527
0.32994,0.75257
0.09613,0.33299
0.07398,0.94028
0.47711,0.76384
0.2419,0.38545
0.19146,0.10504
0.94414,0.78817
0.9511,0.9738
0.91026,0.21039
0.80732,0.56836
0.78405,0.77382
0.59449,0.2985
0.75156,0.37317
0.91835,0.16657
0.16758,0.3141
0.35671,0.6693
0.51007,0.83287
0.43038,0.50091
0.926,0.30651
0.19477,0.44491
0.908,0.21716
0.37078,0.41497
0.20189,0.3672
0.55033,0.25302
0.35295,0.81927
0.28112,0.96641
0.66504,0.68803
0.32244,0.39997
0.9862,0.22029
0.10407,0.84451
0.51883,0.26684
0.22326,0.32083
0.66704,0.66919
0.84045,0.53236
0.65195,0.48616
0.22471,0.98877
0.50315,0.1962
0.23296,0.15151
0.04434,0.39439
0.49857,0.3933
0.19056,0.85736
0.71406,0.75043
0.8198,0.1203
0.49877,0.82614
0.71558,0.28917
0.98534,0.158
0.4757,0.34544
0.60908,0.12846
0.87532,0.84656
0.8512,0.17256
0.187,0.78605
0.24289,0.26873
0.64914,0.30669
0.57673,0.25854
0.05828,0.28069
0.3391,0.70017
0.6952,0.38293
0.47546,0.00255
0.33752,0.20269
0.89872,0.61751
0.98301,0.70906
0.40297,0.26824
0.29914,0.01906
0.05141,0.36543
0.66951,0.00984
0.00195,0.44199
0.4862,0.13555
0.65009,0.53767
0.04474,0.19786
0.39795,0.57535
0.08765,0.67213
0.15804,0.9308
0.22157,0.95238
0.93605,0.46047
0.57901,0.25977
0.87618,0.40884
0.95207,0.41505
0.41395,0.92115
0.29378,0.11826
0.2649,0.95867
0.91643,0.55794
0.61147,0.70366
0.91138,0.41386
0.16109,0.16308
0.60714,0.18715
0.11623,0.9845
0.79977,0.30424
0.94074,0.40997
0.6948,0.87589
0.67355,0.60239
0.36335,0.96126
0.79181,0.08903
0.94495,0.08859
0.4492,0.27942
0.86728,0.50839
0.66277,0.06872
0.26997,0.88667
0.32361,0.15703
0.78264,0.61745
0.94415,0.68167
0.18512,0.55889
0.68716,0.43145
0.51575,0.63299
0.65067,0.5138
0.04885,0.93925
0.81293,0.05289
0.13343,0.11326
0.36904,0.66704
0.62231,0.83726
0.37694,0.0859
0.77519,0.82643
0.33021,0.94681
0.7401,0.90146
0.54733,0.39529
0.70583,0.66096
0.28454,0.5235
0.95079,0.42288
0.35229,0.96617
0.01302,0.98213
0.32401,0.75624
0.46938,0.41733
0.08941,0.39588
0.96668,0.26218
0.59591,0.49919
0.26485,0.55284
0.64264,0.35793
0.98548,0.92691
0.25408,0.65606
0.1101,0.14864
0.55621,0.56855
0.20173,0.58662
0.83918,0.3313
0.35254,0.05592
0.2196,0.44175
0.50746,0.51459
0.0499,0.09844
0.94742,0.20199
0.67848,0.02412
0.65444,0.04531
0.80977,0.99124
0.93467,0.81216
0.26373,0.50327
0.13848,0.29725
0.79302,0.85187
0.23765,0.76532
0.35314,0.48143
0.57864,0.09788
0.94648,0.87261
0.65441,0.55428
0.56058,0.05161
0.08495,0.92983
0.86341,0.31469
0.21174,0.03658
0.07783,0.79286
0.0208,0.17932
0.93761,0.73678
0.85316,0.4912
0.81606,0.66272
0.95659,0.67813
0.86557,0.34133
0.18176,0.13539
0.2507,0.40875
0.80841,0.69805
0.32388,0.30583
0.72226,0.94811
0.19589,0.46369
0.89559,0.63501
0.5036,0.30423
0.89803,0.20673
0.90428,0.99811
0.25755,0.69616
0.32285,0.97988
0.43971,0.99007
0.23385,0.45966
0.28912,0.16995
0.52017,0.97405
0.6978,0.63307
0.51184,0.05026
0.00344,0.1125
0.78535,0.26024
0.05002,0.46243
0.57222,0.86751
0.72318,0.39101
0.66776,0.77785
0.5389,0.57232
0.76789,0.79706
0.98633,0.50368
0.24478,0.28988
0.56636,0.62654
0.39955,0.27017
0.62576,0.7118
0.74979,0.91492
0.97622,0.98992
0.96547,0.51886
0.18791,0.67272
0.45634,0.70063
0.65211,0.20686
0.96988,0.04563
0.83919,0.1556
0.53335,0.24787
0.90232,0.08045
0.34759,0.20611
0.43142,0.84059
0.69701,0.81026
0.29432,0.77319
0.5854,0.43875
0.09648,0.29043
0.23283,0.00143
0.01088,0.61674
0.95412,0.61254
0.29794,0.69941
0.11756,0.33025
0.23001,0.41747
0.99662,0.93648
0.62366,0.35853
0.14367,0.14674
0.41543,0.50745
0.06319,0.96699
0.33831,0.22203
0.81336,0.21366
0.84499,0.39482
0.25892,0.97576
0.71885,0.29097
0.64046,0.39578
0.85975,0.74218
0.43773,0.54563
0.85681,0.3257
0.76632,0.96527
0.6949,0.41851
0.75509,0.86546
0.50806,0.93134
0.63714,0.85219
0.41902,0.96323
0.86957,0.00071
0.84799,0.2039
0.34897,0.60739
0.10665,0.0142
0.62427,0.59803
0.08175,0.66608
0.15744,0.23278
0.93861,0.82815
0.47424,0.95341
0.41142,0.0663
0.16243,0.54599
0.30959,0.09258
0.41848,0.95906
0.62551,0.32454
0.68861,0.45328
0.22482,0.03038
0.95341,0.44369
0.75952,0.83703
0.49997,0.51779
0.22212,0.21624
0.45924,0.01186
0.71878,0.2177
0.9991,0.20201
0.59822,0.30517
0.67528,0.69875
0.05073,0.55548
0.15926,0.7951
0.54576,0.3806
0.6477,0.31221
0.96446,0.24421
0.06255,0.58253
0.62055,0.44204
0.40419,0.57851
0.41094,0.91645
0.27406,0.44057
0.51279,0.31783
0.97129,0.85332
0.71516,0.4473
0.96572,0.99249
0.55822,0.65209
0.34968,0.44024
0.32854,0.52224
0.23019,0.26037
0.38821,0.99265
0.88009,0.45217
0.21333,0.46927
0.20553,0.5309
0.18642,0.77621
0.31232,0.31876
0.65894,0.89907
0.43119,0.47243
0.90078,0.76349
0.59778,0.15408
0.2122,0.01798
0.94921,0.4213
0.47242,0.94988
0.41351,0.74649
0.72653,0.32831
0.90774,0.13765
0.79899,0.17102
0.12885,0.57988
0.26616,0.73879
0.96341,0.31485
0.5178,0.71761
0.99962,0.50514
0.20302,0.95781
0.80419,0.55515
0.81497,0.76645
0.70644,0.23914
0.72295,0.9112
0.64876,0.92189
0.99848,0.82472
0.60949,0.11475
0.99384,0.74828
0.35082,0.81214
0.74287,0.1005
0.96751,0.64669
0.19354,0.49717
0.53632,0.10861
0.83398,0.12467
0.42324,0.2847
0.37946,0.08247
0.43248,0.24139
0.59235,0.73887
0.38073,0.953
0.83656,0.66062
0.36315,0.46363
0.69712,0.76661
0.21239,0.70763
0.87277,0.21007
0.47281,0.00922
0.7416,0.05378
0.37356,0.09713
0.88491,0.98556
0.94716,0.67481
0.04266,0.24855
0.38473,0.28192
0.17041,0.3164
0.47377,0.66015
0.79446,0.85519
0.17173,0.59936
0.86838,0.98046
0.23696,0.96981
0.57543,0.19951
0.33273,0.69678
0.62279,0.30404
0.59348,0.53119
0.3664,0.30799
0.80725,0.56446
0.75768,0.61867
0.9259,0.09512
0.90013,0.55574
0.79408,0.26631
0.3341,0.44527
0.4992,0.58795
0.85,0.50682
0.38801,0.55433
0.67253,0.55225
0.29711,0.25713
0.8431,0.51875
0.3573,0.27841
0.32474,0.18343
0.01708,0.88114
0.63132,0.36868
0.30953,0.62054
0.55635,0.40015
0.89054,0.60327
0.11479,0.5589
0.76996,0.77654
0.21438,0.22681
0.62824,0.48256
0.84861,0.17528
0.75106,0.93695
0.85567,0.56967
0.33633,0.07534
0.83273,0.6103
0.88421,0.39595
0.62269,0.93663
0.61472,0.72133
0.22813,0.99262
0.28914,0.58596
0.37606,0.28787
0.17493,0.15787
0.79321,0.35436
0.44951,0.98022
0.09116,0.96742
0.76403,0.21963
0.96516,0.36134
0.76771,0.94051
0.52303,0.82148
0.51344,0.79685
0.92384,0.39321
0.07659,0.68942
0.89224,0.13726
0.86709,0.92663
0.51969,0.94883
0.33086,0.28895
0.92282,0.59237
0.20989,0.229
0.02676,0.20099
0.69421,0.56288
0.29092,0.08297
0.62047,0.8356
0.27925,0.54152
0.05977,0.72237
0.23068,0.58368
0.2061,0.9247
0.92663,0.747
0.96067,0.63631
0.41408,0.58809
0.66446,0.20587
0.66194,0.65957
0.70642,0.67489
0.81114,0.02547
0.45847,0.00405
0.03789,0.28796
0.0685,0.19403
0.23058,0.46346
0.14377,0.36803
0.29901,0.17589
0.84621,0.47937
0.04186,0.46545
0.58204,0.73184
0.73716,0.24243
0.18415,0.75172
0.9329,0.04758
0.05791,0.68463
0.25721,0.11311
0.55719,0.1453
0.45434,0.20612
0.59352,0.68418
0.70812,0.05768
0.02157,0.08304
0.73729,0.78088
0.95356,0.41222
0.5176,0.00249
0.41738,0.39656
0.97984,0.78907
0.21481,0.75721
0.36053,0.54681
0.45124,0.88433
0.00587,0.56528
0.10508,0.62936
0.10491,0.05158
0.20055,0.38962
0.26431,0.02677
0.38034,0.8145
0.72877,0.25716
0.12972,0.45626
0.37784,0.95895
0.89257,0.00945
0.89593,0.74649
0.62014,0.75142
0.94174,0.2053
0.76364,0.20667
0.6331,0.28265
0.77434,0.02866
0.18705,0.76771
0.64671,0.71594
0.62518,0.90908
0.21728,0.06995
0.49439,0.21327
0.40594,0.14224
0.97372,0.60065
0.4643,0.53049
0.16508,0.56449
0.11946,0.75927
0.54995,0.00341
0.28088,0.91209
0.14917,0.88036
0.4599,0.05454
0.64096,0.4909
0.82076,0.55237
0.54499,0.09766
0.13359,0.70318
0.77235,0.35949
0.37796,0.67036
0.19601,0.81856
0.84082,0.53355
0.75344,0.92785
0.41645,0.20013
0.79254,0.24658
0.26184,0.83291
0.15689,0.58743
0.37667,0.46811
0.30527,0.44199
0.79882,0.18968
0.26336,0.50755
0.74047,0.7106
0.00671,0.48491
0.94994,0.9043
0.78085,0.16808
0.38009,0.97723
0.76023,0.76686
0.68266,0.75081
0.99925,0.05093
0.18372,0.71886
0.65436,0.6134
0.83203,0.49035
0.27679,0.45604
0.13477,0.0171
0.36617,0.70688
0.96651,0.16303
0.74646,0.73698
0.81612,0.2992
0.32091,0.78644
0.44523,0.83744
0.39586,0.00566
0.04248,0.57451
0.66524,0.54861
0.30629,0.06539
0.25563,0.50694
0.30299,0.28601
0.12446,0.58118
0.77414,0.86832
0.60376,0.15505
0.51683,0.24424
0.8696,0.14883
0.54663,0.28642
0.56085,0.60526
0.67097,0.76311
0.53445,0.35753
0.33887,0.60032
0.07435,0.44485
0.76433,0.75216
0.5124,0.32422
0.20292,0.73939
0.20366,0.71605
0.26718,0.67224
0.41717,0.64416
0.99347,0.23427
0.15519,0.69762
0.93666,0.46088
0.23752,0.70523
0.37267,0.21669
0.149,0.63403
0.19327,0.78954
0.56948,0.59258
0.46102,0.56794
0.53302,0.2598
0.98865,0.74101
0.3642,0.16888
0.9364,0.54725
0.57168,0.97883
0.96981,0.56648
0.13168,0.71338
0.23451,0.0037
0.64287,0.57644
0.84534,0.76759
0.85713,0.40513
0.02354,0.24173
0.86407,0.79316
0.15162,0.78228
0.23054,0.42576
0.42272,0.88292
0.69217,0.38803
0.51218,0.43854
0.00244,0.06465
0.13576,0.0204
0.33229,0.53035
0.83446,0.9992
0.70392,0.40809
0.98172,0.42977
0.38857,0.0541
0.99968,0.34613
0.65253,0.58405
0.98085,0.91152
0.08616,0.99982
0.99037,0.98048
0.70854,0.22737
0.67391,0.70628
0.49858,0.02679
0.6335,0.07318
0.66772,0.12206
0.62076,0.29533
0.37081,0.42731
0.26345,0.71432
0.92737,0.4233
0.50647,0.92679
0.11682,0.99815
0.24726,0.09751
0.12249,0.33213
0.63987,0.17411
0.40384,0.33666
0.72941,0.23657
0.20813,0.67244
0.70861,0.09078
0.95349,0.11313
0.02937,0.71508
0.44501,0.35895
0.39495,0.41298
0.86875,0.17756
0.08431,0.24797
0.8222,0.89789
0.24772,0.96635
0.84199,0.83251
0.83171,0.26176
0.38182,0.38895
0.47725,0.17163
0.56348,0.8544
0.28312,0.94132
0.19384,0.28001
0.7951,0.97439
0.39868,0.63105
0.90559,0.89825
0.40779,0.7906
0.59798,0.20866
0.01434,0.06601
0.48431,0.30691
0.92936,0.2798
0.41097,0.22753
0.60476,0.7904
0.46184,0.15318
0.78314,0.88752
0.79128,0.09453
0.59459,0.57312
0.76233,0.66651
0.51869,0.532
0.16536,0.44639
0.7579,0.76911
0.63945,0.47453
0.19777,0.94313
0.35575,0.05273
0.90963,0.59444
0.4412,0.50058
0.5116,0.06749
0.17701,0.23451
0.58605,0.50762
0.04372,0.78279
0.77554,0.32911
0.47386,0.49493
0.16368,0.55191
0.13349,0.33093
0.55109,0.51635
0.38792,0.66593
0.65802,0.86626
0.09141,0.69405
0.4457,0.16883
0.27236,0.87682
0.37915,0.3528
0.98875,0.14365
0.06912,0.72623
0.70073,0.57344
0.117,0.0546
0.12244,0.16974
0.25606,0.40095
0.04964,0.50775
0.98544,0.75356
0.8232,0.86394
0.70466,0.5124
0.38944,0.51228
0.17156,0.18032
0.79382,0.69548
0.62307,0.68783
0.4932,0.43292
0.45595,0.2686
0.72671,0.71986
0.79666,0.14588
0.61856,0.07893
0.96506,0.93077
0.05826,0.32604
0.06815,0.22928
0.27006,0.6194
0.41067,0.05127
0.95687,0.3936
0.11318,0.42276
0.73995,0.29409
0.28452,0.98304
0.72992,0.14809
0.97778,0.41137
0.05269,0.04499
0.75756,0.28604
0.14677,0.22962
0.94626,0.47808
0.44843,0.92669
0.33406,0.98855
0.92345,0.31763
0.25439,0.60683
0.61757,0.37486
0.11178,0.7707
0.46248,0.35021
0.02281,0.82526
0.89367,0.40659
0.85375,0.33983
0.79119,0.16711
0.81971,0.25883
0.85849,0.87643
0.13047,0.27937
0.60709,0.3396
0.74168,0.73004
0.43808,0.50312
0.51449,0.24931
0.91799,0.53704
0.63083,0.212
0.65646,0.86408
0.06299,0.17489
0.77277,0.92809
0.19914,0.96053
0.33922,0.24032
0.4118,0.75753
0.72099,0.73835
0.63529,0.70671
0.28254,0.77723
0.48241,0.98162
0.82752,0.6722
0.28027,0.5897
0.50965,0.34165
0.85739,0.45095
0.25553,0.53714
0.53064,0.02717
0.40511,0.49953
0.30505,0.2722
0.93592,0.80165
0.21445,0.8597
0.29203,0.1568
0.2939,0.69957
0.23797,0.30547
0.7255,0.47343
0.16931,0.74057
0.71843,0.15136
0.93376,0.208
0.64469,0.45111
0.19859,0.69165
0.19282,0.74371
0.57566,0.49105
0.76191,0.74498
0.77378,0.342
0.75182,0.52984
0.48981,0.50333
0.37299,0.42438
0.44469,0.18634
0.70299,0.34505
0.80422,0.73484
0.65477,0.06636
0.72185,0.80475
0.33259,0.30053
0.99549,0.01169
0.75529,0.84259
0.71987,0.37918
0.35986,0.30263
0.304,0.8904
0.62957,0.69457
0.2449,0.02226
0.6998,0.22321
0.28206,0.27656
0.7819,0.99079
0.81446,0.52647
0.16645,0.27278
0.26446,0.11042
0.90789,0.57959
0.43646,0.36965
0.08568,0.75595
0.34333,0.56197
0.48768,0.43961
0.07452,0.31879
0.37683,0.82653
0.46127,0.40814
0.70767,0.51689
0.34104,0.39104
0.10639,0.86572
0.97992,0.55986
0.14536,0.63877
0.99431,0.36138
0.18987,0.97581
0.74459,0.60237
0.83264,0.4165
0.52133,0.54285
0.64199,0.88658
0.01976,0.21921
0.21634,0.42463
0.37394,0.47678
0.30068,0.427
0.6508,0.26404
0.38598,0.43146
0.12284,0.71094
0.26477,0.13325
0.63687,0.37439
0.52213,0.25088
0.67516,0.65481
0.43917,0.10228
0.69687,0.43183
0.71402,0.89869
0.73218,0.66112
0.28559,0.8528
0.53684,0.26521
0.76719,0.19141
0.16305,0.34213
0.81884,0.65023
0.1293,0.73114
0.06179,0.79365
0.60502,0.67725
0.22033,0.28195
0.43613,0.16629
0.04564,0.14222
0.49338,0.8095
0.04196,0.12219
0.0654,0.74092
0.34611,0.42337
0.65957,0.0407
0.78595,0.64271
0.00016,0.721
0.84591,0.06793
0.86653,0.72829
0.44436,0.12771
0.07399,0.54445
0.15486,0.29915
0.32836,0.72346
0.14427,0.29771
0.49865,0.63614
0.27387,0.58281
0.92432,0.09926
0.9564,0.5525
0.94709,0.86791
0.27035,0.32215
0.39321,0.46898
0.1759,0.02903
0.7886,0.92572
0.90519,0.57425
0.00412,0.80561
0.94083,0.95534
0.21477,0.50368
0.68828,0.83855
0.51296,0.53867
0.16661,0.13701
0.52087,0.7721
0.27248,0.39898
0.08226,0.02157
0.02831,0.46524
0.27003,0.34802
0.464,0.94268
0.20232,0.51439
0.16043,0.68166
0.81935,0.98629
0.69962,0.57219
0.7834,0.19881
0.74853,0.15357
0.47646,0.09775
0.45654,0.40012
0.20199,0.03485
0.7704,0.38599
0.07306,0.89225
0.67585,0.17613
0.40664,0.41951
0.01815,0.21199
0.00955,0.91238
0.2272,0.64002
0.81576,0.24797
0.04197,0.44337
0.29709,0.77019
0.62578,0.34478
0.67043,0.11637
0.14487,0.81259
0.76473,0.27464
0.94902,0.17549
0.37974,0.97441
0.28667,0.35802
0.80285,0.00232
0.48669,0.86345
0.20264,0.74489
0.26949,0.34135
0.84229,0.98819
0.65862,0.27613
0.8267,0.01505
0.94428,0.56154
0.58671,0.40309
0.35471,0.07745
0.05722,0.28472
0.23553,0.7553
0.56836,0.21817
0.32941,0.33649
0.9493,0.84458
0.0247,0.02757
0.59204,0.83493
0.91057,0.56812
0.88599,0.08987
0.51277,0.7672
0.82026,0.0094
0.89013,0.55581
0.11983,0.47251
0.02616,0.27753
0.81574,0.23088
0.20182,0.99277
0.52419,0.07651
0.66452,0.08203
0.62546,0.09586
0.90938,0.61292
0.14729,0.50165
0.95792,0.55365
0.94267,0.90075
0.84804,0.4024
0.50905,0.47157
0.16784,0.71081
0.82146,0.69114
0.10316,0.34821
0.10536,0.1168
0.47125,0.09641
0.26074,0.49959
0.98389,0.92814
0.5055,0.77471
0.71687,0.16348
0.76192,0.61278
0.62784,0.97062
0.496,0.95857
0.7643,0.82261
0.94548,0.16661
0.12863,0.65091
0.24774,0.95643
0.76528,0.80484
0.556,0.68364
0.95131,0.65757
0.44882,0.69106
0.59019,0.28946
0.529,0.29891
0.63158,0.96443
0.84474,0.40254
0.43018,0.01699
0.22415,0.59267
0.64283,0.46136
0.15491,0.43949
0.13741,0.45405
0.18345,0.57259
0.74947,0.1834
0.36655,0.44819
0.98213,0.49158
0.11511,0.66409
0.87735,0.16918
0.51895,0.57999
0.89105,0.4267
0.40908,0.36285
0.3848,0.56306
0.50328,0.86876
0.3461,0.9568
0.42824,0.59652
0.00169,0.98975
0.04547,0.03504
0.01288,0.36569
0.96233,0.32513
0.80579,0.64113
0.84359,0.20823
0.17954,0.95567
0.83649,0.14453
0.98263,0.04306
0.23066,0.43033
0.75479,0.81679
0.06303,0.25745
0.76998,0.74769
0.5954,0.01033
0.6947,0.38863
0.78619,0.6492
0.57571,0.27793
0.23371,0.2836
0.26819,0.31942
0.40041,0.17204
0.16844,0.31368
0.55998,0.7636
0.62011,0.81151
0.35681,0.89856
0.68022,0.39247
0.54584,0.56908
0.59428,0.07403
0.42429,0.52568
0.04377,0.19583
0.56102,0.74444
0.67578,0.34164
0.11128,0.2823
0.87592,0.57025
0.28964,0.5369
0.53635,0.59603
0.21234,0.7153
0.90917,0.8028
0.06674,0.68977
0.80598,0.43388
0.02802,0.12129
0.09107,0.22653
0.8893,0.36921
0.1808,0.69965
0.18245,0.71559
0.61613,0.38792
0.78115,0.71852
0.36606,0.93398
0.20069,0.03416
0.8991,0.27062
0.01806,0.62778
0.3447,0.69026
0.50531,0.03464
0.47613,0.45193
0.43899,0.72193
0.77933,0.68435
0.31094,0.20482
0.68899,0.88517
0.69307,0.19333
0.07795,0.2376
0.20524,0.85413
0.38988,0.56946
0.79542,0.83207
0.86437,0.09158
0.83073,0.80889
0.29308,0.672
0.30366,0.71741
0.35995,0.05638
0.68492,0.5797
0.48754,0.81611
0.21417,0.68819
0.11678,0.13547
0.38925,0.32742
0.38298,0.71232
0.55755,0.38892
0.65303,0.68499
0.55642,0.64358
0.95479,0.47283
0.71003,0.13879
0.93748,0.14538
0.94603,0.74183
0.99374,0.648
0.00058,0.09749
0.90515,0.24345
0.40067,0.46404
0.77128,0.73955
0.74367,0.25735
0.41571,0.91755
0.42887,0.65454
0.45844,0.16119
0.3175,0.61562
0.37506,0.49724
0.98377,0.37444
0.19582,0.30997
0.9034,0.55364
0.41428,0.00696
0.99599,0.65338
0.96342,0.85928
0.02854,0.80016
0.93402,0.61297
0.63658,0.60158
0.56353,0.26644
0.53084,0.65027
0.96938,0.70903
0.19161,0.06926
0.69964,0.50207
0.14978,0.17886
0.49185,0.03604
0.92015,0.31541
0.54886,0.16949
0.75017,0.66524
0.33353,0.07405
0.86409,0.85402
0.34637,0.09513
0.67283,0.59241
0.08683,0.89309
0.42231,0.69017
0.64406,0.09414
0.51905,0.41722
0.18012,0.7471
0.35313,0.02569
0.00278,0.52188
0.51741,0.2012
0.10966,0.44331
0.66277,0.62329
0.42123,0.27902
0.39947,0.34856
0.76547,0.8216
0.07294,0.63526
0.0825,0.36371
0.82888,0.13496
0.57727,0.78605
0.71399,0.44074
0.21521,0.94694
0.40416,0.36727
0.25113,0.35751
0.35916,0.90454
0.70668,0.2139
0.98362,0.66461
0.13076,0.32906
0.01324,0.40537
0.0109,0.45387
0.00581,0.57021
0.06968,0.68318
0.43349,0.78416
0.31145,0.33011
0.56171,0.31506
0.3074,0.12986
0.18332,0.99609
0.17978,0.4661
0.90338,0.82054
0.63477,0.74251
0.1928,0.74814
0.5998,0.30659
0.49156,0.88224
0.22618,0.90618
0.72476,0.9414
0.13717,0.1154
0.93642,0.55928
0.0798,0.78078
0.75396,0.7379
0.07957,0.32909
0.00769,0.8025
0.13936,0.32502
0.40919,0.7874
0.25641,0.53954
0.27901,0.65077
0.0113,0.40573
0.95596,0.25312
0.22603,0.60981
0.11435,0.28974
0.0617,0.33688
0.24454,0.55635
0.89111,0.22923
0.92391,0.93755
0.19829,0.12636
0.54894,0.10015
0.64063,0.47413
0.98268,0.42452
0.06352,0.88924
0.25732,0.50774
0.80189,0.71405
0.26558,0.24214
0.01004,0.38858
0.27551,0.70042
0.15062,0.64115
0.59045,0.10502
0.52143,0.69918
0.07584,0.36714
0.67124,0.19365
0.30804,0.38214
0.10264,0.11543
0.56304,0.79422
0.55484,0.69225
0.76762,0.12805
0.6921,0.47105
0.42339,0.99609
0.02849,0.05096
0.33259,0.93863
0.88126,0.95126
0.27351,0.5188
0.80147,0.50969
0.40445,0.18392
0.10344,0.45774
0.33404,0.26633
0.68765,0.97833
0.00544,0.0951
0.5869,0.34842
0.21107,0.04178
0.27679,0.82468
0.40801,0.79211
0.66522,0.96402
0.9688,0.72768
0.48739,0.3403
0.46914,0.27869
0.69643,0.48364
0.69716,0.32184
0.21021,0.0271
0.29053,0.80535
0.18086,0.5014
0.4993,0.79956
0.92103,0.6877
0.6615,0.8107
0.62556,0.53082
0.55791,0.67499
0.69987,0.88923
0.14866,0.94963
0.93662,0.13735
0.34999,0.398
0.57289,0.36869
0.4129,0.45395
0.02399,0.45969
0.15368,0.9722
0.49152,0.00249
0.148,0.36938
0.49465,0.62275
0.62392,0.66374
0.02044,0.80112
0.24744,0.30155
0.49752,0.6234
0.89091,0.33607
0.10165,0.96264
0.47496,0.12617
0.86069,0.15505
0.84767,0.44437
0.76222,0.35531
0.96942,0.60736
0.47583,0.33783
0.96595,0.93856
0.03066,0.37825
0.69181,0.05403
0.25061,0.18129
0.31734,0.59807
0.20111,0.2176
0.18255,0.15659
0.96669,0.94712
0.33921,0.4834
0.43896,0.85427
0.65429,0.70917
0.47501,0.15557
0.15634,0.98245
0.52935,0.72225
0.57374,0.01972
0.97511,0.91612
0.15248,0.11788
0.33014,0.03797
0.87272,0.63349
0.25068,0.97025
0.76283,0.50389
0.06089,0.19475
0.03078,0.254
0.31314,0.29915
0.36516,0.02447
0.64503,0.57573
0.92922,0.1875
0.34484,0.34575
0.28326,0.44817
0.81802,0.60011
0.20512,0.12063
0.43829,0.19048
0.41417,0.42875
0.05858,0.24491
0.27519,0.91197
0.17378,0.306
0.10542,0.59046
0.27304,0.92776
0.39364,0.77673
0.00128,0.01648
0.36105,0.00328
0.0359,0.75201
0.68441,0.07332
0.13035,0.4832
0.18983,0.38758
0.28822,0.6013
0.20176,0.26235
0.93739,0.56509
0.58712,0.32966
0.81846,0.93984
0.64868,0.08723
0.95796,0.00956
0.71711,0.13049
0.37711,0.9369
0.34687,0.71512
0.81844,0.98873
0.29031,0.8587
0.77553,0.83559
0.36548,0.54237
0.49686,0.21132
0.04517,0.1469
0.6558,0.62117
0.05711,0.54438
0.53641,0.37025
0.0044,0.2974
0.88648,0.23568
0.15403,0.98551
0.38358,0.40036
0.58065,0.39083
0.88275,0.48609
0.02482,0.91755
0.47339,0.65381
0.65135,0.91337
0.09703,0.25487
0.44709,0.21315
0.48793,0.78601
0.85757,0.32357
0.61086,0.26785
0.00956,0.80887
0.21695,0.41337
0.79131,0.8156
0.7147,0.12482
0.91891,0.08093
0.02375,0.3553
0.82239,0.34153
0.83781,0.9358
0.21251,0.03193
0.16831,0.85819
0.01579,0.22675
0.71572,0.18949
0.59228,0.22546
0.0439,0.52471
0.48649,0.98643
0.22134,0.48712
0.49271,0.28824
0.92651,0.33959
0.6942,0.13947
0.59185,0.68623
0.78587,0.0152
0.09997,0.21933
0.07919,0.34792
0.34082,0.09088
0.24882,0.85508
0.15558,0.14084
0.39654,0.58859
0.34885,0.64713
0.30119,0.81659
0.95408,0.96314
0.00763,0.01242
0.7574,0.25866
0.48878,0.06892
0.85855,0.64568
0.56952,0.30393
0.83033,0.21598
0.53441,0.79651
0.13295,0.27467
0.95622,0.37316
0.71015,0.19889
0.676,0.69166
0.84762,0.42847
0.73107,0.99741
0.16206,0.02296
0.28533,0.09629
0.98207,0.92029
0.38631,0.00673
0.53777,0.62366
0.57499,0.56555
0.20892,0.93342
0.14566,0.49184
0.02511,0.62701
0.30173,0.89705
0.28202,0.39264
0.61563,0.76025
0.47677,0.41623
0.33804,0.48566
0.96395,0.05961
0.57618,0.59429
0.1908,0.9248
0.94872,0.62457
0.11545,0.88026
0.17016,0.69976
0.28401,0.76629
0.92175,0.74131
0.86321,0.17602
0.41048,0.18749
0.78376,0.66602
0.24574,0.89628
0.03118,0.29287
0.81684,0.96547
0.79787,0.99825
0.66045,0.71225
0.89266,0.62695
0.40847,0.28906
0.08113,0.98592
0.04738,0.5672
0.15642,0.26554
0.78406,0.32299
0.84282,0.19306
0.91263,0.17464
0.65075,0.99924
0.61099,0.62074
0.52698,0.06652
0.45385,0.10889
0.99173,0.00151
0.7729,0.11443
0.66023,0.07985
0.42057,0.50535
0.50181,0.52064
0.81177,0.61723
0.38187,0.52588
0.61201,0.27326
0.90581,0.2743
0.89311,0.16633
0.32486,0.73562
1.0e-05,0.96289
0.69922,0.46539
0.59499,0.48973
0.67937,0.71946
0.75533,0.7461
0.87313,0.34692
0.20517,0.60387
0.17097,0.47494
0.07692,0.89307
0.97816,0.60167
0.49426,0.11142
0.66839,0.80827
0.47875,0.87697
0.26921,0.19004
0.37535,0.45091
0.35195,0.37665
0.89684,0.79843
0.45357,0.36099
0.54221,0.24219
0.60688,0.93502
0.94169,0.84376
0.4149,0.58625
0.41641,0.81762
0.43481,0.29809
0.2449,0.29752
0.48532,0.04086
0.35097,0.28143
0.92882,0.15174
0.62706,0.001
0.93395,0.98454
0.13313,0.35008
0.77746,0.88608
0.05002,0.60801
0.04839,0.46592
0.39295,0.48297
0.10154,0.76804
0.38858,0.90541
0.83453,0.87248
0.64823,0.56962
0.6868,0.87588
0.78787,0.15662
0.84532,0.33038
0.91204,0.05677
0.07003,0.04115
0.00144,0.01874
0.60899,0.82308
0.72868,0.65496
0.93672,0.98092
0.3189,0.98657
0.16381,0.57022
0.68785,0.71875
0.23285,0.92121
0.98147,0.70379
0.92019,0.06355
0.80924,0.84187
0.98152,0.0671
0.54245,0.93396
0.84884,0.2134
0.08387,0.20534
0.24802,0.97072
0.47348,0.06889
0.0891,0.60524
0.85061,0.9548
0.94287,0.29464
0.68767,0.63839
0.84747,0.2873
0.44291,0.68205
0.95796,0.16283
0.83939,0.97099
0.74707,0.4566
0.63051,0.26957
0.81471,0.97799
0.08272,0.17248
0.88638,0.42661
0.71821,0.99476
0.21688,0.56247
0.57315,0.65724
0.17299,0.91962
0.13904,0.23909
0.88497,0.38132
0.0902,0.71749
0.74348,0.31499
0.84175,0.522
0.82191,0.91154
0.22706,0.1074
0.00498,0.9315
0.18817,0.77236
0.65187,0.96626
0.17726,0.16235
0.28297,0.58019
0.5509,0.37301
0.32225,0.74634
0.56675,0.65252
0.25548,0.59719
0.8841,0.13108
0.34521,0.03213
0.34956,0.98468
0.78835,0.85102
0.43482,0.52665
0.11381,0.63151
0.24286,0.58878
0.15016,0.20405
0.08351,0.44191
0.41015,0.23484
0.01149,0.66244
0.13725,0.75058
0.08132,0.44743
0.80055,0.1046
0.51003,0.06174
0.87462,0.3085
0.91554,0.35889
0.29224,0.21775
0.34137,0.63991
0.93869,0.08742
0.39889,0.59349
0.0513,0.16084
0.53529,0.31795
0.86661,0.7651
0.24,0.37066
0.21172,0.5652
0.26107,0.89402
0.60353,0.46638
0.94571,0.68969
0.09966,0.12948
0.85126,0.26849
0.14435,0.13217
0.24817,0.15765
0.01913,0.39717
0.90234,0.17696
0.44401,0.8898
0.16469,0.58442
0.82878,0.46102
0.3703,0.30564
0.0032,0.12031
0.65848,0.07525
0.03325,0.43067
0.49511,0.43094
0.31332,0.34836
0.41736,0.06143
0.28288,0.17402
0.92352,0.76836
0.74151,0.33458
0.96342,0.88762
0.30906,0.12943
0.55883,0.6066
0.83516,0.81071
0.89179,0.73718
0.13059,0.6811
0.19095,0.15177
0.56251,0.66685
0.89829,0.74344
0.61576,0.76058
0.23198,0.77916
0.44937,0.74873
0.38742,0.42044
0.30284,0.02604
0.77756,0.11221
0.14176,0.14542
0.93438,0.69127
0.46105,0.94514
0.01632,0.81915
0.62102,0.54681
0.13481,0.38391
0.7166,0.15397
0.2033,0.57229
0.28886,0.25175
0.65122,0.8273
0.0718,0.72508
0.32036,0.79001
0.46271,0.62773
0.60954,0.23061
0.62258,0.58919
0.36503,0.91084
0.98068,0.36229
0.85926,0.2741
0.36586,0.09905
0.56449,0.50961
0.04173,0.18904
0.01925,0.19065
0.60256,0.2208
0.68013,0.06651
0.54779,0.81492
0.52717,0.73496
0.10436,0.06331
0.19841,0.91586
0.88972,0.18816
0.47469,0.78512
0.76397,0.81592
0.40259,0.22757
0.55315,0.98127
0.81036,0.39216
0.81226,0.15463
0.30146,0.41792
0.01977,0.49484
0.14755,0.67169
0.30991,0.07167
0.244,0.43876
0.57349,0.6317
0.68529,0.12596
0.78542,0.12601
0.90741,0.68046
0.67288,0.32267
0.7135,0.39694
0.71719,0.17524
0.26783,0.74935
0.35385,0.83393
0.97662,0.67837
0.7507,0.15161
0.69116,0.03571
0.35611,0.89788
0.81625,0.48037
0.37107,0.94658
0.45429,0.98874
0.80594,0.86674
0.64686,0.77763
0.02665,0.28353
0.76772,0.9367
0.10175,0.12319
0.41875,0.82512
0.27944,0.21212
0.10768,0.47254
0.25339,0.52372
0.75035,0.27825
0.15513,0.50119
0.15918,0.20207
0.3197,0.76245
0.21604,0.58239
0.40835,0.69184
0.2075,0.92727
0.89988,0.98436
0.54462,0.4167
0.70766,0.79739
0.54904,0.98721
0.30733,0.83217
0.1374,0.11249
0.72998,0.60222
0.00413,0.07937
0.14046,0.5009
0.50807,0.91721
0.62838,0.69111
0.65256,0.89343
0.61493,0.31326
0.78237,0.46847
0.21187,0.03733
0.71422,0.48986
0.35176,0.33691
0.23072,0.53341
0.32889,0.71569
0.22604,0.80177
0.70224,0.14016
0.71047,0.67435
0.70657,0.23184
0.9173,0.81093
0.71271,0.04865
0.47435,0.24438
0.13415,0.98454
0.00109,0.39407
0.29954,0.57738
0.94587,0.92889
0.9937,0.81451
0.31857,0.99028
0.53521,0.41651
0.84669,0.87393
0.4793,0.93779
0.89319,0.51822
0.26919,0.26919
0.70566,0.78759
0.73028,0.38497
0.18398,0.32311
0.99381,0.64658
0.77504,0.1488
0.52206,0.13201
0.10432,0.48049
0.66372,0.29524
0.51361,0.22426
0.16021,0.20732
0.99217,0.60373
0.62549,0.25468
0.69673,0.6271
0.69917,0.51137
0.37827,0.56138
0.44769,0.735
0.80883,0.27722
0.07395,0.04812
0.74635,0.34537
0.81635,0.93768
0.80065,0.18229
0.47714,0.50435
0.0164,0.62086
0.68896,0.29466
0.7753,0.73989
0.61202,0.05709
0.55805,0.30023
0.66276,0.42326
0.0709,0.27395
0.76579,0.19783
0.04784,0.24235
0.5147,0.5487
0.34706,0.09279
0.08371,0.89849
0.25019,0.03302
0.89812,0.35354
0.24428,0.2218
0.78987,0.19279
0.70482,0.5413
0.6464,0.58229
0.57624,0.34979
0.93027,0.58313
0.82571,0.83584
0.49824,0.97923
0.9324,0.66074
0.2037,0.06107
0.67749,0.88656
0.97512,0.04898
0.66619,0.87565
0.75511,0.93158
0.46844,0.89242
0.96357,0.31645
0.43813,0.08341
0.97053,0.01992
0.2087,0.82056
0.35076,0.75692
0.04658,0.47118
0.08441,0.09659
0.99221,0.49014
0.02073,0.23802
0.12923,0.27205
0.53306,0.5904
0.46481,0.14756
0.84285,0.65201
0.1407,0.89976
0.34956,0.70204
0.91769,0.00084
0.22541,0.17157
0.42317,0.58157
0.35853,0.32426
0.37689,0.80367
0.538,0.22125
0.66082,0.58745
0.6323,0.3482
0.27238,0.64031
0.70472,0.36614
0.66272,0.14981
0.80931,0.77279
0.09545,0.09466
0.13781,0.25215
0.37263,0.75425
0.47982,0.54349
0.83371,0.4938
0.05861,0.88699
0.98258,0.92172
0.10577,0.74472
0.02066,0.02865
0.49265,0.04116
0.51021,0.96081
0.76606,0.8944
0.81659,0.53867
0.87529,0.51486
0.15812,0.14216
0.28502,0.00547
0.98854,0.13929
0.05279,0.98498
0.78897,0.51507
0.73593,0.07759
0.5384,0.87111
0.98779,0.65058
0.24933,0.04871
0.77946,0.00518
0.97063,0.84014
0.21729,0.17661
0.06215,0.18482
0.09825,0.84444
0.84309,0.60278
0.14313,0.97358
0.19306,0.76715
0.94284,0.09649
0.52246,0.28087
0.68327,0.43172
0.87776,0.86352
0.36726,0.78083
0.3779,0.65747
0.47563,0.8886
0.64061,0.41701
0.62916,0.25894
0.93339,0.6612
0.32258,0.84311
0.46651,0.15993
0.11805,0.2163
0.60495,0.94151
0.32377,0.01852
0.1451,0.24993
0.30416,0.91816
0.90518,0.47402
0.06148,0.70793
0.65008,0.21416
0.03951,0.11068
0.0882,0.22458
0.09963,0.44179
0.15169,0.61466
0.14794,0.93187
0.18773,0.79123
0.41127,0.44431
0.98871,0.68662
0.80209,0.44606
0.03753,0.01997
0.57929,0.54203
0.95545,0.18882
0.6166,0.12795
0.38899,0.54783
0.79488,0.16865
0.5362,0.27204
0.70947,0.88521
0.41053,0.18891
0.03024,0.00852
0.22858,0.29839
0.89518,0.72045
0.67607,0.23602
0.06538,0.03301
0.26299,0.81125
0.40741,0.79333
0.99926,0.60962
0.09842,0.75143
0.37356,0.50128
0.19106,0.51612
0.31463,0.36004
0.82645,0.04251
0.75027,0.14675
0.97052,0.43369
0.13629,0.60196
0.7136,0.53927
0.26738,0.3192
0.35334,0.91782
0.19443,0.73042
0.5498,0.27034
0.77895,0.06924
0.74479,0.26611
0.75897,0.70038
0.90219,0.49068
0.51403,0.10342
0.15578,0.51225
0.44905,0.38909
0.18227,0.72451
0.45186,0.48766
0.46337,0.03937
0.60365,0.01922
0.79688,0.85487
0.20884,0.9701
0.82034,0.27857
0.35176,0.35117
0.58844,0.10341
0.40915,0.04821
0.64609,0.62714
0.1394,0.73082
0.35705,0.7967
0.61642,0.24644
0.83862,0.59212
0.03813,0.4196
0.3728,0.87137
0.9603,0.26691
0.16066,0.61842
0.23465,0.02056
0.57179,0.34392
0.11766,0.77135
0.04123,0.34939
0.77596,0.07888
0.18734,0.57118
0.86268,0.26613
0.79015,0.26067
0.58823,0.71789
0.46583,0.52635
0.98421,0.40138
0.25486,0.10579
0.99445,0.69357
0.12997,0.77631
0.75325,0.07083
0.11218,0.64241
0.46221,0.45984
0.86535,0.77232
0.13902,0.77898
0.12475,0.8819
0.12649,0.44813
0.02353,0.45915
0.57934,0.83954
0.33806,0.92063
0.35306,0.23032
0.09366,0.65066
0.28188,0.43801
0.82716,0.51184
0.38926,0.17046
0.86252,0.92161
0.38275,0.18934
0.99392,0.62338
0.73788,0.4529
0.95117,0.06286
0.8972,0.82467
0.22385,0.29086
0.6826,0.79282
0.66273,0.47234
0.22922,0.48157
0.43672,0.77424
0.04646,0.85832
0.22791,0.88692
0.06725,0.23568
0.98863,0.89173
0.51757,0.17961
0.73867,0.33423
0.60961,0.13236
0.62835,0.27615
0.01822,0.15481
0.38419,0.84749
0.88616,0.28019
0.78941,0.34336
0.41701,0.79622
0.16267,0.84779
0.71793,0.5778
0.79783,0.77406
0.06853,0.63742
0.47078,0.70978
0.8215,0.77562
0.7544,0.14763
0.33136,0.67619
0.39681,0.75432
0.16666,0.03639
0.11947,0.23763
0.18229,0.91903
0.52337,0.11877
0.97527,0.78483
0.77699,0.98442
0.02153,0.94684
0.64678,0.8439
0.09398,0.2344
0.48743,0.01458
0.27298,0.82226
0.04638,0.73013
0.84365,0.52081
0.62595,0.24118
0.65847,0.74457
0.46459,0.37327
0.97421,0.56406
0.82917,0.83316
0.8041,0.00926
0.6911,0.32978
0.54061,0.04396
0.89634,0.26942
0.48077,0.95325
0.52198,0.04463
0.31138,0.8178
0.79743,0.69926
0.37356,0.86809
0.72472,0.85104
0.78624,0.76717
0.34932,0.45656
0.30444,0.65859
0.45667,0.65735
0.68821,0.165
0.73657,0.61576
0.67682,0.69365
0.07534,0.21402
0.70723,0.47672
0.73653,0.61278
0.52794,0.1336
0.68742,0.6126
0.7609,0.56282
0.89739,0.04688
0.61552,0.79888
0.19003,0.06688
0.24761,0.79815
0.35962,0.73744
0.4399,0.07204
0.58283,0.7889
0.82666,0.25546
0.30742,0.00326
0.54087,0.5834
0.1812,0.33207
0.697,0.86339
0.99984,0.22173
0.7965,0.79746
0.25639,0.88847
0.97042,0.92689
0.06032,0.18425
0.22351,0.80162
0.44156,0.94508
0.77714,0.37893
0.58358,0.42311
0.06218,0.7264
0.58065,0.35041
0.92111,0.14989
0.89232,0.59607
0.96495,0.71523
0.83728,0.06308
0.34249,0.74488
0.701,0.23821
0.29632,0.96256
0.28344,0.91244
0.44221,0.02357
0.23366,0.75957
0.97689,0.24
0.91095,0.53574
0.54739,0.13242
0.56336,0.57127
0.11324,0.82457
0.65403,0.24986
0.16584,0.4171
0.84264,0.88323
0.17777,0.3472
0.04498,0.0633
0.93371,0.07923
0.96695,0.51711
0.42751,0.77141
0.90236,0.86365
0.13779,0.02918
0.43804,0.25088
0.27713,0.17719
0.82897,0.61424
0.59115,0.86797
0.44858,0.93208
0.09663,0.0297
0.57828,0.30817
0.60041,0.96807
0.86159,0.43323
0.84896,0.45127
0.48723,0.45407
0.0911,0.14805
0.37203,0.87609
0.38206,0.02615
0.0684,0.67122
0.18973,0.67456
0.60977,0.25909
0.25336,0.97316
0.70559,0.51836
0.7337,0.35302
0.07159,0.4594
0.19004,0.29963
0.41237,0.7503
0.30726,0.94619
0.55478,0.16103
0.78635,0.85684
0.38083,0.66159
0.81011,0.18328
0.10945,0.14017
0.92426,0.57831
0.27598,0.67628
0.58582,0.15331
0.45182,0.35446
0.08728,0.32689
0.13292,0.88314
0.57219,0.43643
0.4782,0.11322
0.14438,0.2802
0.84268,0.09525
0.62953,0.51794
0.89006,0.86299
0.07012,0.49712
0.74148,0.52671
0.41489,0.61619
0.64085,0.25858
0.49763,0.01225
0.08491,0.25394
0.22735,0.73146
0.11875,0.70022
0.23125,0.62631
0.36689,0.97448
0.70065,0.11398
0.8638,0.44481
0.42318,0.97455
0.13442,0.70391
0.6459,0.82781
0.5144,0.92477
0.4445,0.47623
0.5967,0.46535
0.52508,0.03085
0.99788,0.65829
0.66256,0.49077
0.00226,0.58415
0.47239,0.43708
0.35833,0.10687
0.96937,0.57331
0.93822,0.96377
0.36202,0.07825
0.69676,0.39913
0.46262,0.95167
0.30363,0.66798
0.99392,0.40273
0.61161,0.61129
0.97984,0.13663
0.2668,0.64442
0.21477,0.01964
0.08454,0.40671
0.63023,0.08141
0.21439,0.06854
0.04267,0.36315
0.78438,0.34136
0.72407,0.39738
0.05698,0.44867
0.79749,0.01756
0.09492,0.89747
0.64634,0.07377
0.6363,0.18693
0.35515,0.26682
0.70063,0.77418
0.26375,0.39213
0.57241,0.56077
0.22646,0.55229
0.4841,0.89347
0.76314,0.46892
0.36731,0.3187
0.17642,0.81537
0.51232,0.03486
0.86095,0.24458
0.54435,0.21945
0.17382,0.56338
0.42373,0.73624
0.5579,0.29539
0.66112,0.9929
0.04717,0.10532
0.27128,0.95315
0.52134,0.61101
0.31221,0.4507
0.10002,0.39777
0.9509,0.55022
0.04523,0.19051
0.48984,0.33421
0.22858,0.09491
0.40635,0.06377
0.62243,0.62091
0.25383,0.62237
0.07718,0.44304
0.86532,0.9502
0.80716,0.49292
0.24051,0.97604
0.81206,0.9893
0.10071,0.7777
0.84317,0.19542
0.12923,0.96829
0.07397,0.1809
0.81156,0.2704
0.38685,0.89122
0.81992,0.32386
0.16102,0.84822
0.0388,0.52506
0.3984,0.989
0.40883,0.66605
0.5184,0.99391
0.37703,0.17686
0.06373,0.00435
0.64304,0.63539
0.52604,0.67109
0.31424,0.20989
0.1609,0.57192
0.26199,0.84822
0.22196,0.55011
0.10677,0.53164
0.79918,0.04831
0.09166,0.29214
0.68984,0.52189
0.79547,0.64299
0.69428,0.95382
0.46193,0.92458
0.14587,0.52403
0.67834,0.97132
0.19794,0.25231
0.25928,0.66101
0.62468,0.5842
0.31104,0.33683
0.35281,0.96851
0.45208,0.8576
0.87599,0.07667
0.95548,0.83992
0.08636,0.75413
0.55473,0.59551
0.86748,0.12047
0.52852,0.71562
0.19722,0.82888
0.88294,0.17513
0.17746,0.98049
0.80801,0.67435
0.45249,0.38685
0.78027,0.07054
0.60592,0.62806
0.60124,0.87171
0.08102,0.98743
0.78891,0.43624
0.22585,0.69576
0.57141,0.18473
0.55864,0.59218
0.2636,0.69201
0.21089,0.46853
0.63616,0.44783
0.40398,0.61071
0.35547,0.63689
0.9043,0.76319
0.90238,0.34996
0.20435,0.69035
0.56473,0.49558
0.67561,0.25462
0.31241,0.29825
0.06892,0.73041
0.61772,0.8931
0.78604,0.95129
0.76903,0.45372
0.3769,0.97254
0.67846,0.22782
0.43599,0.4792
0.57002,0.11696
0.64002,0.69597
0.3455,0.52291
0.42974,0.52489
0.73107,0.30949
0.74042,0.06943
0.82062,0.73323
0.07604,0.55814
0.18741,0.28331
0.25754,0.51419
0.6467,0.90384
0.7045,0.28923
0.73771,0.36068
0.96704,0.14611
0.08816,0.94224
0.20482,0.39211
0.0534,0.41463
0.35293,0.40891
0.97626,0.28309
0.04438,0.79962
0.89639,0.64499
0.79755,0.78066
0.25689,0.37323
0.84903,0.19108
0.04595,0.41931
0.34212,0.31417
0.28914,0.72338
0.97528,0.57658
0.7029,0.721
0.86847,0.77478
0.11406,0.86743
0.32191,0.44995
0.64394,0.07431
0.44931,0.65216
0.75271,0.12079
0.63304,0.84833
0.14924,0.07622
0.25376,0.76436
0.80117,0.07015
0.77784,0.6779
0.4429,0.25221
0.8723,0.50714
0.83029,0.42352
0.84083,0.63012
0.44082,0.43117
0.80026,0.01732
0.84177,0.8318
0.67082,0.31654
0.0369,0.35574
0.57206,0.09852
0.68205,0.56344
0.82992,0.5942
0.84107,0.76525
0.15573,0.04331
0.67694,0.04606
0.99324,0.4457
0.93944,0.58357
0.34785,0.22148
0.34975,0.21698
0.79522,0.34825
0.78307,0.69504
0.24334,0.87536
0.87362,0.53825
0.57419,0.81405
0.25139,0.97144
0.21798,0.24529
0.62801,0.21395
0.06028,0.07273
0.07619,0.93432
0.22773,0.07976
0.8294,0.66046
0.7428,0.91034
0.26319,0.66184
0.84938,0.88699
0.53664,0.17301
0.84571,0.68424
0.47547,0.43576
0.52936,0.41024
0.41824,0.94565
0.33707,0.48585
0.32234,0.43755
0.03262,0.21672
0.29984,0.45923
0.11095,0.14741
0.58592,0.32465
0.8483,0.3884
0.51909,0.34794
0.9304,0.61148
0.84118,0.86971
0.95172,0.40905
0.45465,0.91818
0.67526,0.14179
0.57876,0.3752
0.62619,0.0832
0.59871,0.60977
0.62605,0.72841
0.9848,0.3632
0.41727,0.47474
0.23485,0.96099
0.23348,0.56291
0.05868,0.92614
0.83619,0.25997
0.73149,0.08449
0.69922,0.64328
0.72646,0.42933
0.21572,0.27877
0.06762,0.86025
0.50176,0.2417
0.57287,0.54095
0.76342,0.12139
0.21519,0.62814
0.78666,0.69849
0.70444,0.86789
0.53673,0.66045
0.9729,0.61229
0.24311,0.59177
0.94327,0.78885
0.78426,0.27985
0.17084,0.53397
0.86454,0.48572
0.43292,0.00525
0.78594,0.10733
0.9792,0.17506
0.43001,0.72511
0.47037,0.38604
0.07756,0.2245
0.85771,0.45621
0.15229,0.04835
0.6516,0.67181
0.89969,0.78247
0.08614,0.41874
0.85537,0.43892
0.83582,0.66902
0.28546,0.86679
0.51768,0.37347
0.81238,0.42667
0.57839,0.43199
0.27636,0.16299
0.22442,0.71915
0.0457,0.79559
0.61459,0.61996
0.75726,0.69246
0.49852,0.67362
0.0192,0.21791
0.99901,0.95231
0.19376,0.8568
0.52519,0.30409
0.49202,0.48894
0.21258,0.42454
0.09384,0.55813
0.85549,0.09021
0.76003,0.71769
0.12692,0.80642
0.40825,0.27239
0.50507,0.24714
0.04296,0.1246
0.29709,0.88227
0.31757,0.79353
0.92197,0.15372
0.75554,0.04281
0.64442,0.25401
0.95837,0.04116
0.79581,0.93446
0.82299,0.6914
0.64743,0.28309
0.12853,0.36545
0.0531,0.68997
0.76746,0.66667
0.93048,0.87092
0.02113,0.18776
0.06575,0.86305
0.20231,0.64101
0.78959,0.59217
0.39574,0.17846
0.06201,0.91496
0.94573,0.31066
0.287,0.55986
0.40742,0.43873
0.93033,0.58513
0.93625,0.65373
0.72026,0.5088
0.01026,0.27014
0.56672,0.4513
0.66234,0.70243
0.86077,0.82235
0.6396,0.21935
0.57973,0.95921
0.73753,0.82677
0.71401,0.34949
0.75649,0.01571
0.64562,0.18775
0.16195,0.06455
0.47276,0.86926
0.48764,0.81519
0.26492,0.82456
0.84316,0.63717
0.32447,0.3484
0.43324,0.83808
0.79492,0.56279
0.13341,0.41992
0.56399,0.29181
0.71701,0.00378
0.83314,0.32195
0.30787,0.47265
0.70758,0.96879
0.13918,0.017
0.53429,0.16157
0.93241,0.89566
0.45903,0.50642
0.28967,0.01047
0.12845,0.23297
0.70306,0.93176
0.25919,0.42155
0.07493,0.30423
0.86017,0.84288
0.84285,0.35862
0.59002,0.91426
0.21371,0.51031
0.36707,0.28084
0.64342,0.84689
0.90329,0.17598
0.69131,0.12121
0.71939,0.52498
0.7933,0.37118
0.88021,0.23298
0.85473,0.31291
0.44198,0.10806
0.34669,0.9869
0.87232,0.54044
0.92032,0.00061
0.74109,0.87153
0.46443,0.83397
0.16143,0.9695
0.91934,0.27199
0.47191,0.09757
0.90791,0.20686
0.87416,0.16205
0.7139,0.29382
0.88684,0.46818
0.74318,0.66838
0.11745,0.75276
0.42576,0.11544
0.27088,0.12882
0.71073,0.46343
0.95951,0.71892
0.66454,0.4219
0.0857,0.45016
0.93126,0.34403
0.7717,0.02538
0.13623,0.78986
0.46337,0.84769
0.91465,0.56067
0.09438,0.99146
0.39139,0.5184
0.11789,0.29495
0.71363,0.13284
0.59306,0.20014
0.57766,0.56462
0.9852,0.19641
0.41887,0.70835
0.09342,0.76531
0.02143,0.40753
0.54845,0.73868
0.04807,0.14629
0.76905,0.74155
0.58223,0.38596
0.93223,0.44992
0.17978,0.73547
0.36421,0.49917
0.9402,0.58819
0.92115,0.70713
0.23302,0.16022
0.54418,0.12714
0.8247,0.68738
0.23531,0.399
0.96825,0.13404
0.47164,0.85297
0.93709,0.6333
0.4248,0.25121
0.32222,0.68585
0.17114,0.16003
0.85161,0.53522
0.43507,0.08676
0.99361,0.10166
0.55083,0.15463
0.66404,0.14349
0.95489,0.38831
0.68158,0.51449
0.98611,0.13473
0.95224,0.95624
0.06167,0.95803
0.21544,0.13065
0.45993,0.9143
0.33037,0.30379
0.29073,0.57402
0.0818,0.72006
0.6258,0.82103
0.5003,0.88038
0.03076,0.62913
0.83531,0.49136
0.61369,0.77799
0.27042,0.23912
0.35548,0.02614
0.77249,0.43916
0.67005,0.49457
0.14062,0.76544
0.76917,0.21065
0.73741,0.00528
0.17905,0.40041
0.5605,0.50838
0.5382,0.75557
0.35307,0.39153
0.08392,0.08974
0.59254,0.7056
0.31743,0.20545
0.01157,0.61525
0.18599,0.53915
0.88154,0.95871
0.23729,0.70909
0.24288,0.42801
0.29083,0.4179
0.8762,0.40977
0.40176,0.45483
0.36898,0.76636
0.67642,0.87051
0.79679,0.45591
0.45221,0.75958
0.87285,0.1465
0.20746,0.41356
0.01044,0.88845
0.72521,0.77282
0.31054,0.21526
0.55149,0.56475
0.7901,0.4825
0.47326,0.85502
0.69065,0.44335
0.85217,0.55991
0.51117,0.73935
0.25342,0.90495
0.80234,0.76507
0.66647,0.95798
0.107,0.776
0.24259,0.66531
0.07853,0.26512
0.00508,0.03183
0.49018,0.49397
0.6111,0.33249
0.94699,0.51825
0.99056,0.36101
0.22707,0.08442
0.909,0.15703
0.37743,0.82807
0.02276,0.51904
0.36502,0.39269
0.47544,0.64767
0.7697,0.35432
0.77594,0.19957
0.09666,0.02009
0.88601,0.86775
0.76659,0.52574
0.91604,0.38076
0.36317,0.1357
0.74095,0.09675
0.83468,0.43834
0.88413,0.20313
0.75321,0.2501
0.47882,0.74542
0.68635,0.59712
0.63848,0.35508
0.91713,0.54011
0.07967,0.10979
0.91003,1.0e-05
0.72528,0.78581
0.6418,0.75978
0.29774,0.75761
0.05173,0.924
0.30338,0.08073
0.15454,0.73752
0.04113,0.7642
0.29082,0.81725
0.84257,0.44018
0.81766,0.42167
0.53697,0.67512
0.81183,0.72553
0.77777,0.47469
0.07577,0.88902
0.29412,0.74428
0.3382,0.68667
0.78469,0.4147
0.63496,0.36691
0.23216,0.48684
0.45768,0.62206
0.1995,0.55769
0.48455,0.74623
0.05239,0.79346
0.47754,0.23694
0.34825,0.71262
0.84991,0.99673
0.71876,0.12411
0.24481,0.2927
0.96684,0.5543
0.629,0.52077
0.35592,0.99288
0.56772,0.69708
0.2812,0.14108
0.52864,0.53481
0.08248,0.57035
0.70041,0.14707
0.33967,0.15401
0.85073,0.26222
0.44526,0.24928
0.75511,0.14352
0.11635,0.8274
0.98945,0.40021
0.23761,0.96542
0.50709,0.46844
0.64569,0.74278
0.53249,0.62033
0.64658,0.00762
0.95917,0.85932
0.05172,0.48793
0.49761,0.17155
0.68227,0.67566
0.64339,0.26537
0.813,0.77322
0.63403,0.27359
0.27125,0.03356
0.45267,0.64629
0.82595,0.39139
0.72813,0.15559
0.70247,0.04523
0.95928,0.25574
0.68201,0.59485
0.60488,0.79117
0.73603,0.96045
0.53165,0.50161
0.10226,0.28161
0.19204,0.26007
0.31112,0.46322
0.18877,0.09679
0.11864,0.39347
0.20947,0.93573
0.72421,0.01906
0.90401,0.47121
0.16839,0.86412
0.75619,0.97038
0.15977,0.25616
0.6983,0.17785
0.96693,0.65449
0.93732,0.39175
0.86482,0.44091
0.71189,0.93211
0.17459,0.42601
0.16148,0.49076
0.60434,0.00322
0.49531,0.62457
0.86743,0.22446
0.66808,0.41145
0.39287,0.0572
0.73987,0.53523
0.17573,0.24644
0.78403,0.03216
0.6899,0.19476
0.29817,0.49818
0.78262,0.15752
0.10164,0.37821
0.45658,0.94151
0.98875,0.41391
0.53128,0.13479
0.82726,0.74124
0.9025,0.30027
0.30948,0.80018
0.26347,0.1849
0.39006,0.93925
0.41098,0.70184
0.84231,0.45286
0.70892,0.3871
0.8713,0.52969
0.04458,0.42404
0.96726,0.91263
0.83459,0.38626
0.42193,0.03471
0.92203,0.62441
0.15945,0.59657
0.0865,0.83631
0.05336,0.68895
0.90901,0.53666
0.28503,0.37766
0.37266,0.3357
0.09744,0.85937
0.66239,0.18715
0.01041,0.39809
0.41931,0.00061
0.44215,0.11135
0.55632,0.51048
0.56574,0.10388
0.71457,0.5593
0.26597,0.24367
0.58696,0.70834
0.44228,0.90398
0.28811,0.18183
0.34884,0.70912
0.55794,0.77879
0.14539,0.53835
0.54175,0.57594
0.10577,0.92939
0.76316,0.28728
0.20517,0.85555
0.53243,0.34425
0.97031,0.12871
0.77938,0.42973
0.98288,0.43784
0.86531,0.34
0.57888,0.8579
0.44039,0.48566
0.69875,0.70252
0.07,0.91777
0.09018,0.81157
0.40005,0.50296
0.08606,0.48871
0.4499,0.05451
0.49455,0.47166
0.23683,0.43815
0.72373,0.54405
0.27292,0.6199
0.42836,0.53137
0.06639,0.46888
0.01847,0.70949
0.86688,0.08846
0.63588,0.39672
0.02923,0.35509
0.62171,0.06291
0.07674,0.06277
0.67773,0.62356
0.84389,0.35117
0.01852,0.53743
0.85078,0.23293
0.05804,0.73105
0.81582,0.89128
0.41211,0.92784
0.33267,0.84394
0.77041,0.54923
0.04011,0.5811
0.86303,0.08075
0.92922,0.97004
0.23545,0.58738
0.50123,0.86301
0.06243,0.61683
0.78544,0.97574
0.64655,0.26731
0.89248,0.65274
0.74797,0.17497
0.39872,0.7845
0.3369,0.73239
0.98041,0.78112
0.25024,0.35445
0.09362,0.90625
0.52004,0.77318
0.34059,0.21264
0.04905,0.14091
0.01848,0.67792
0.66412,0.85598
0.7799,0.68324
0.23274,0.23204
0.10916,0.70958
0.62108,0.81408
0.28859,0.04348
0.88351,0.12054
0.26528,0.71615
0.18706,0.55949
0.07311,0.92717
0.01837,0.08778
0.99285,0.43265
0.11407,0.39356
0.55929,0.60253
0.60261,0.95007
0.27066,0.17554
0.80651,0.1071
0.23249,0.62349
0.42035,0.86181
0.83776,0.62831
0.86548,0.92769
0.75045,0.10314
0.85333,0.84091
0.56346,0.18045
0.84221,0.5579
0.87881,0.43966
0.46352,0.81967
0.40295,0.70556
0.52816,0.97983
0.3198,0.1279
0.57276,0.45131
0.64279,0.06388
0.20937,0.15408
0.56463,0.50901
0.74961,0.35913
0.46928,0.70308
0.12162,0.67204
0.96591,0.70021
0.77332,0.25178
0.78699,0.1564
0.28735,0.37879
0.44387,0.59532
0.65504,0.02571
0.93907,0.66687
0.06271,0.744
0.52205,0.17793
0.867,0.10238
0.4779,0.87358
0.35896,0.87662
0.87048,0.40024
0.05903,0.50541
0.82459,0.43121
0.30037,0.58284
0.67895,0.69627
0.80098,0.80528
0.73223,0.90003
0.84099,0.77867
0.58698,0.15166
0.23541,0.46155
0.42753,0.82142
0.85701,0.68312
0.88328,0.16671
0.13598,0.55313
0.7842,0.89216
0.41488,0.09429
0.50911,0.9608
0.08463,0.09501
0.21791,0.90728
0.03689,0.9255
0.91957,0.78896
0.77464,0.45181
0.23448,0.28375
0.75623,0.36155
0.891,0.52122
0.86181,0.48086
0.78257,0.0499
0.65703,0.20478
0.88249,0.68579
0.31048,0.3032
0.5924,0.10312
0.73246,0.6015
0.47543,0.44111
0.70842,0.21331
0.00279,0.43039
0.3863,0.75759
0.26995,0.57958
0.09903,0.36041
0.37218,0.44042
0.69224,0.31771
0.49507,0.74654
0.83477,0.05368
0.8584,0.71191
0.09737,0.57124
0.38047,0.37452
0.16143,0.12537
0.72801,0.74638
0.86885,0.55143
0.13541,0.48763
0.92294,0.61131
0.10116,0.32159
0.44951,0.55276
0.42951,0.2877
0.02453,0.95645
0.76415,0.29391
0.54873,0.02998
0.80626,0.8286
0.25658,0.1762
0.77751,0.11994
0.86598,0.49401
0.08286,0.35185
0.43555,0.03605
0.26171,0.7801
0.84472,0.28985
0.50034,0.14007
0.087,0.58493
0.55546,0.24987
0.48536,0.8281
0.33819,0.24036
0.32878,0.75646
0.60168,0.68702
0.66205,0.29769
0.387,0.17899
0.18652,0.70862
0.33359,0.84556
0.47673,0.84837
0.11249,0.52069
0.61476,0.46987
0.54286,0.25161
0.7608,0.13633
0.08503,0.76342
0.74134,0.10256
0.1932,0.61261
0.97091,0.05337
0.65296,0.11511
0.14924,0.38667
0.55707,0.83804
0.96275,0.79254
0.07351,0.30186
0.36537,0.43709
0.95443,0.07502
0.25221,0.29807
0.7967,0.26919
0.41588,0.09471
0.10373,0.00668
0.42744,0.05266
0.10207,0.11708
0.93309,0.91192
0.08719,0.61284
0.12295,0.62861
0.72228,0.36157
0.49826,0.72183
0.15758,0.67967
0.10081,0.78253
0.40771,0.9703
0.31149,0.64656
0.92134,0.88709
0.3053,0.68405
0.02545,0.35862
0.12778,0.74454
0.38135,0.91112
0.63787,0.98249
0.58903,0.17244
0.53008,0.21792
0.90019,0.0644
0.55674,0.942
0.56794,0.21328
0.79045,0.75442
0.38148,0.14724
0.06815,0.55101
0.46593,0.48346
0.37179,0.3811
0.0192,0.56801
0.19522,0.68467
0.82605,0.42913
0.69286,0.24139
0.28677,0.97915
0.34244,0.36535
0.80201,0.39587
0.30409,0.10116
0.3292,0.21939
0.13216,0.37369
0.72175,0.34113
0.2631,0.74012
0.21956,0.76418
0.56838,0.08663
0.45515,0.44562
0.07009,0.78073
0.66839,0.04363
0.4055,0.7072
0.3733,0.29398
0.57969,0.47644
0.43771,0.52577
0.70291,0.83673
0.33635,0.86523
0.56589,0.35668
0.77838,0.00416
0.83506,0.09204
0.29254,0.4215
0.01079,0.39503
0.81648,0.75048
0.93307,0.59543
0.06001,0.44887
0.51817,0.84398
0.75679,0.01245
0.57128,0.79303
0.74047,0.01222
0.42494,0.87902
0.61799,0.15691
0.21834,0.97658
0.13151,0.73925
0.83343,0.60744
0.95338,0.89528
0.81233,0.73577
0.654,0.44381
0.40757,0.70675
0.44389,0.46508
0.96406,0.33154
0.44605,0.7883
0.35547,0.8472
0.52997,0.55168
0.53918,0.90576
0.62049,0.12852
0.59741,0.40626
0.06815,0.70212
0.55776,0.053
0.59281,0.25695
0.89003,0.11257
0.58843,0.37382
0.24967,0.66161
0.50482,0.0295
0.71008,0.7625
0.04149,0.78102
0.75057,0.29526
0.19318,0.638
0.85877,0.38713
0.16886,0.28153
0.69123,0.10404
0.41778,0.68127
0.94799,0.17155
0.47293,0.38559
0.32405,0.30344
0.46625,0.29326
0.23305,0.31728
0.55361,0.70084
0.10999,0.72716
0.57819,0.2365
0.06737,0.78104
0.62187,0.51499
0.34301,0.62149
0.12869,0.93445
0.80602,0.38817
0.49589,0.78812
0.26418,0.49527
0.45929,0.46046
0.28476,0.23425
0.44409,0.96595
0.66896,0.20543
0.16867,0.3781
0.29091,0.77538
0.53653,0.64529
0.07955,0.52723
0.98615,0.2873
0.23543,0.35757
0.95085,0.21316
0.45102,0.69375
0.77322,0.7712
0.37939,0.87701
0.12991,0.2343
0.98481,0.97326
0.3817,0.14776
0.40324,0.57991
0.08537,0.05263
0.68525,0.63215
0.4642,0.13174
0.23877,0.90256
0.82709,0.23627
0.80209,0.95925
0.6781,0.36447
0.72963,0.73091
0.05721,0.43362
0.91568,0.03805
0.20589,0.06675
0.02859,0.93483
0.25291,0.11373
0.28154,0.61862
0.88881,0.16476
0.84775,0.4929
0.96286,0.12581
0.24115,0.85363
0.00844,0.97463
0.21605,0.9106
0.8183,0.40906
0.59019,0.82529
0.88113,0.2703
0.87119,0.02444
0.99344,0.76046
0.46361,0.89649
0.35185,0.02552
0.73236,0.23624
0.62855,0.84506
0.12789,0.09216
0.34616,0.14589
0.24284,0.17344
0.22282,0.69585
0.50966,0.28488
0.59669,0.65681
0.70063,0.65329
0.07127,0.33242
0.53438,0.62392
0.593,0.20776
0.43829,0.26211
0.40191,0.60958
0.85345,0.30643
0.60199,0.56881
0.57541,0.79873
0.74032,0.14406
0.57899,0.4967
0.51662,0.27752
0.93668,0.54904
0.22366,0.51679
0.0299,0.39907
0.76372,0.76088
0.97366,0.82799
0.4308,0.16525
0.86354,0.3511
0.51304,0.93968
0.66602,0.49838
0.9954,0.95424
0.17557,0.79748
0.04584,0.34623
0.58212,0.39385
0.96407,0.29365
0.88921,0.26043
0.55653,0.60076
0.44769,0.52162
0.60413,0.88493
0.13893,0.16941
0.7546,0.56093
0.78646,0.68577
0.96613,0.93271
0.44858,0.24152
0.22129,0.26114
0.37415,0.65805
0.11417,0.14547
0.93642,0.42321
0.14821,0.59545
0.27997,0.90111
0.03555,0.34954
0.54915,0.99872
0.07893,0.46869
0.04465,0.17023
0.44144,0.79283
0.49218,0.32214
0.06724,0.6116
0.39395,0.02702
0.63214,0.39438
0.29283,0.18354
0.29254,0.4094
0.78779,0.43798
0.76442,0.0164
0.03263,0.72394
0.03458,0.50736
0.84861,0.01931
0.64732,0.09894
0.59924,0.64151
0.61473,0.58564
0.27761,0.73038
0.24582,0.68329
0.52849,0.87451
0.61777,0.05406
0.16433,0.83226
0.28905,0.80563
0.35933,0.54711
0.97159,0.81406
0.31539,0.50982
0.6441,0.31597
0.80127,0.69011
0.2474,0.0696
0.64242,0.20665
0.43793,0.96712
0.66119,0.72122
0.30106,0.18063
0.82137,0.42364
0.67292,0.93945
0.8281,0.14854
0.29489,0.60117
0.37761,0.63182
0.4617,0.89616
0.31883,0.50733
0.04407,0.3523
0.31766,0.06852
0.4485,0.45181
0.40715,0.81646
0.1782,0.84551
0.75282,0.34442
0.39609,0.73813
0.58009,0.52632
0.81713,0.53784
0.57244,0.58846
0.76488,0.43774
0.10796,0.02107
0.36123,0.96594
0.28197,0.1116
0.13478,0.44685
0.72149,0.65551
0.7323,0.561
0.50722,0.09187
0.44444,0.00905
0.1137,0.16371
0.03145,0.63113
0.75899,0.01137
0.11913,0.60667
0.89358,0.0459
0.60141,0.71627
0.35523,0.80809
0.97852,0.86528
0.37917,0.23588
0.86654,0.52271
0.39518,0.42797
0.96993,0.28479
0.01184,0.53427
0.08286,0.18602
0.06307,0.95619
0.0216,0.44911
0.87032,0.33848
0.08414,0.99685
0.59839,0.27944
0.90651,0.21934
0.0036,0.51452
0.99523,0.7016
0.54836,0.88924
0.93089,0.44292
0.25764,0.7639
0.7282,0.202
0.88119,0.62151
0.02548,0.11061
0.57599,0.87774
0.07519,0.32397
0.24355,0.05383
0.48822,0.81116
0.76302,0.27166
0.179,0.05718
0.5888,0.74087
0.33084,0.25915
0.38275,0.99466
0.79172,0.24429
0.09214,0.81995
0.10891,0.94002
0.26386,0.15185
0.72194,0.25186
0.71995,0.09635
0.8123,0.64958
0.12225,0.36493
0.23262,0.82037
0.34894,0.98266
0.14191,0.86451
0.52735,0.70093
0.76409,0.38168
0.29466,0.30868
0.06278,0.24556
0.42346,0.83541
0.64363,0.16375
0.20867,0.78882
0.87765,0.26598
0.98512,0.77099
0.70065,0.68439
0.28215,0.54374
0.53975,0.27384
0.45303,0.01167
0.42204,0.72087
0.25379,0.48578
0.79667,0.0399
0.36995,0.17093
0.92281,0.53883
0.59685,0.84633
0.05403,0.74355
0.23759,0.8217
0.37027,0.20312
0.21863,0.98104
0.5461,0.99081
0.52707,0.46409
0.22878,0.31993
0.46613,0.90574
0.93603,0.34445
0.01706,0.7451
0.59538,0.6599
0.78954,0.04812
0.22318,0.18887
0.45755,0.44927
0.55876,0.8444
0.83548,0.33224
0.01905,0.08848
0.05299,0.1924
0.65021,0.2209
0.50644,0.93132
0.48078,0.53652
0.21682,0.17318
0.67849,0.86102
0.07915,0.73978
0.46424,0.38329
0.5946,0.97319
0.1238,0.62597
0.6268,0.16153
0.72167,0.36074
0.88346,0.49333
0.87668,0.17476
0.07276,0.11406
0.42134,0.00097
0.05777,0.51126
0.16559,0.43628
0.23706,0.56513
0.76475,0.73113
0.09944,0.96553
0.48343,0.35798
0.65,0.33461
0.756,0.34868
0.74351,0.08245
0.74754,0.45537
0.97484,0.24735
0.69713,0.61556
0.75437,0.328
0.07134,0.08705
0.79652,0.0275
0.01487,0.72021
0.71628,0.02278
0.84755,0.30871
0.55116,0.96882
0.68799,0.174
0.18969,0.88049
0.65269,0.28107
0.35455,0.48278
0.7951,0.75256
0.57685,0.63306
0.46406,0.89854
0.99943,0.31865
0.41265,0.17866
0.07327,0.3356
0.81077,0.16201
0.50752,0.49746
0.22647,0.89639
0.26648,0.22409
0.8778,0.46935
0.68119,0.20551
0.22906,0.29069
0.49401,0.03359
0.53975,0.98108
0.60168,0.70724
0.26463,0.65803
0.81406,0.78477
0.07457,0.55011
0.77547,0.19736
0.1182,0.89944
0.89298,0.92301
0.77322,0.56181
0.96392,0.80946
0.95025,0.11052
0.73184,0.12229
0.72831,0.93137
0.19077,0.72901
0.46026,0.61493
0.59051,0.05709
0.26499,0.03638
0.43949,0.34317
0.4707,0.86965
0.0428,0.5829
0.64777,0.00917
0.29535,0.44693
0.06494,0.38865
0.04339,0.35486
0.57317,0.89667
0.08989,0.35406
0.74104,0.24329
0.75479,0.92416
0.56351,0.88819
0.69375,0.23217
0.11366,0.93826
0.70296,0.16825
0.24469,0.45049
0.51631,0.6185
0.33197,0.50275
0.10078,0.77563
0.57737,0.55204
0.00573,0.20496
0.11477,0.36906
0.18836,0.91277
0.21886,0.6135
0.20336,0.70461
0.40928,0.91326
0.06557,0.72724
0.0468,0.91518
0.99845,0.7737
0.47746,0.9829
0.50726,0.88775
0.28919,0.05398
0.54752,0.3389
0.52931,0.51691
0.37035,0.92048
0.86111,0.17497
0.92046,0.44848
0.72602,0.37533
0.34466,0.55915
0.27849,0.53432
0.80966,0.82605
0.18749,0.21907
0.81097,0.39971
0.44437,0.98758
0.78076,0.89214
0.18383,0.98553
0.18772,0.6926
0.32144,0.8068
0.73836,0.88328
0.80578,0.01201
0.59837,0.74133
0.29086,0.1871
0.65867,0.50924
0.84419,0.80677
0.64613,0.96686
0.16962,0.33398
0.92663,0.14034
0.67469,0.69544
0.21247,0.93287
0.32436,0.45479
0.59648,0.90257
0.08022,0.77408
0.95855,0.97541
0.62645,0.08657
0.55752,0.51672
0.02744,0.64115
0.77178,0.83466
0.28103,0.22188
0.63164,0.15028
0.92589,0.05727
0.02724,0.91176
0.865,0.23023
0.23458,0.76546
0.64639,0.23451
0.20171,0.64555
0.78123,0.69449
0.18207,0.36782
0.96492,0.90511
0.63508,0.33271
0.76699,0.60529
0.39934,0.12848
0.89002,0.15436
0.35045,0.96869
0.19489,0.69804
0.68425,0.53463
0.26204,0.41456
0.0133,0.2936
0.52946,0.71968
0.2522,0.58601
0.90216,0.71946
0.23099,0.95006
0.1894,0.26202
0.78018,0.32597
0.63093,0.54957
0.54095,0.36863
0.98454,0.67707
0.72325,0.22963
0.15839,0.00968
0.06076,0.61477
0.2001,0.43863
0.07625,0.3749
0.26423,0.13765
0.76925,0.3852
0.24557,0.96698
0.92873,0.96844
0.55138,0.33714
0.39238,0.22687
0.79873,0.57871
0.60043,0.81188
0.01295,0.1499
0.07688,0.08087
0.58395,0.0614
0.89605,0.90994
0.85007,0.19634
0.50306,0.55622
0.84392,0.25455
0.48379,0.62796
0.34457,0.49245
0.13872,0.82398
0.11091,0.72923
0.11312,0.31537
0.65542,0.16986
0.43516,0.83833
0.64038,0.86967
0.98819,0.56631
0.00306,0.87356
0.3434,0.32989
0.12364,0.58568
0.65361,0.41874
0.59291,0.24574
0.12015,0.00281
0.71737,0.97774
0.0843,0.54696
0.93313,0.05687
0.54584,0.81916
0.72243,0.36652
0.62058,0.8804
0.54812,0.30646
0.00894,0.54122
0.78423,0.38451
0.67727,0.67587
0.44982,0.75817
0.35695,0.90064
0.28359,0.45941
0.63293,0.19096
0.83572,0.70601
0.27357,0.86128
0.93424,0.68463
0.29737,0.28705
0.02886,0.96183
0.6229,0.60383
0.74207,0.26772
0.49712,0.5437
0.87048,0.88487
0.07098,0.03671
0.49208,0.56993
0.70295,0.39786
0.42216,0.38107
0.8679,0.70057
0.38344,0.23432
0.15995,0.18194
0.1992,0.54144
0.48341,0.45164
0.10889,0.8911
0.07317,0.39737
0.89923,0.44771
0.70039,0.96957
0.20548,0.97965
0.02626,0.92616
0.72173,0.04578
0.23472,0.72152
0.50435,0.1252
0.16912,0.92424
0.75189,0.49851
0.37135,0.91335
0.53229,0.4075
0.53851,0.96404
0.7186,0.40251
0.25497,0.39921
0.59267,0.90408
0.66895,0.24845
0.20316,0.32165
0.52228,0.29284
0.83895,0.83693
0.29901,0.64178
0.24539,0.7295
0.99166,0.90406
0.8029,0.07373
0.64965,0.32576
0.88586,0.67175
0.03487,0.51197
0.42161,0.7802
0.52734,0.25135
0.13285,0.88839
0.18992,0.57073
0.42209,0.73757
0.51071,0.77171
0.16845,0.07756
0.43944,0.0173
0.15323,0.04548
0.51892,0.56414
0.24172,0.40607
0.08018,0.22996
0.59128,0.85063
0.94103,0.73808
0.56176,0.89383
0.69972,0.8109
0.17334,0.66784
0.59711,0.17153
0.08182,0.43109
0.98255,0.85644
0.20625,0.5143
0.82119,0.34199
0.63686,0.79151
0.64759,0.44465
0.41743,0.7245
0.79015,0.23275
0.46998,0.73237
0.75832,0.81099
0.28244,0.67352
0.96466,0.49021
0.87152,0.18389
0.17684,0.21149
0.94081,0.14758
0.28773,0.33034
0.48405,0.04453
0.88881,0.87011
0.25195,0.69606
0.07431,0.77761
0.03966,0.82978
0.43374,0.71626
0.61718,0.85372
0.19205,0.26093
0.7369,0.71118
0.90144,0.96745
0.50329,0.54305
0.88118,0.48823
0.99545,0.60706
0.87037,0.50365
0.00194,0.52755
0.9351,0.31219
0.70851,0.47041
0.6833,0.11838
0.0729,0.52474
0.72152,0.95115
0.25334,0.36762
0.04721,0.78902
0.20652,0.51436
0.94494,0.3866
0.74415,0.4597
0.96773,0.63925
0.61395,0.65977
0.69701,0.3755
0.58402,0.34615
0.8528,0.4627
0.93454,0.52972
0.17198,0.86742
0.21422,0.72896
0.91879,0.29046
0.44305,0.69898
0.59755,0.90775
0.59099,0.28053
0.03616,0.90692
0.32906,0.35559
0.17277,0.35828
0.90154,0.57234
0.81822,0.69284
0.78064,0.36887
0.22105,0.20489
0.34741,0.56203
0.24631,0.38734
0.77652,0.576
0.06632,0.33761
0.62825,0.90558
0.75051,0.60178
0.73628,0.46816
0.51614,0.13522
0.35478,0.86704
0.78638,0.07773
0.56868,0.91541
0.36204,0.75911
0.10026,0.91363
0.32078,0.97257
0.1133,0.09258
0.74902,0.39467
0.34308,0.9763
0.01128,0.10514
0.43707,0.76032
0.7404,0.4778
0.94481,0.09521
0.17838,0.31402
0.53223,0.6489
0.10768,0.66003
0.15572,0.85282
0.41823,0.58562
0.47166,0.15176
0.28916,0.62235
0.65363,0.70795
0.27513,0.01617
0.11135,0.23921
0.76878,0.24338
0.47646,0.98787
0.09428,0.18871
0.29389,0.14112
0.32838,0.70611
0.22763,0.69741
0.56218,0.41414
0.82413,0.32917
0.81713,0.78641
0.63828,0.30476
0.49445,0.60279
0.14489,0.61259
0.49949,0.07237
0.79444,0.81768
0.19287,0.71453
0.48928,0.02856
0.07026,0.1081
0.48903,0.18583
0.48906,0.24527
0.69728,0.43699
0.35291,0.79541
0.59527,0.04438
0.375,0.15646
0.13606,0.90389
0.17833,0.79674
0.03439,0.94405
0.78474,0.26995
0.35002,0.55316
0.8092,0.88445
0.24901,0.71369
0.17235,0.24992
0.38283,0.49049
0.1981,0.87977
0.33345,0.11114
0.06396,0.77047
0.7808,0.16745
0.55733,0.90356
0.20261,0.62639
0.59152,0.88419
0.26275,0.10571
0.47006,0.2889
0.38285,0.09855
0.41495,0.76165
0.04766,0.0756
0.52727,0.94338
0.92487,0.49694
0.69609,0.52425
0.16279,0.17385
0.76149,0.95773
0.38919,0.12885
0.93396,0.07133
0.9962,0.76133
0.42657,0.53356
0.17237,0.69766
0.84334,0.96079
0.33999,0.37014
0.10446,0.61933
0.18637,0.57713
0.61702,0.35375
0.26478,0.28587
0.02663,0.46665
0.27699,0.05365
0.15259,0.07069
0.99909,0.714
0.63884,0.93314
0.3358,0.82544
0.32218,0.85179
0.43649,0.00857
0.56741,0.92875
0.72102,0.57532
0.06799,0.59212
0.21077,0.14133
0.37455,0.14034
0.45586,0.19219
0.36118,0.79162
0.04739,0.4992
0.7935,0.56055
0.33603,0.77072
0.59154,0.97151
0.70979,0.1485
0.42674,0.61748
0.04565,0.84895
0.74699,0.07186
0.00983,0.35149
0.87382,0.18844
0.92375,0.56694
0.61923,0.37313
0.93968,0.3315
0.50224,0.06969
0.6186,0.85561
0.95057,0.36748
0.86318,0.87113
0.77521,0.62902
0.95895,0.29988
0.78098,0.17179
0.04088,0.0346
0.5506,0.66505
0.8641,0.09055
0.59042,0.19224
0.64867,0.24834
0.87692,0.25162
0.16476,0.76578
0.88308,0.5934
0.23173,0.28777
0.94502,0.73576
0.35129,0.44052
0.82033,0.78988
0.71132,0.31778
0.7176,0.98558
0.1847,0.07958
0.50347,0.8748
0.1058,0.92215
0.57975,0.46871
0.13228,0.62199
0.04832,0.97466
0.47459,0.90909
0.43723,0.47883
0.54199,0.93446
0.10064,0.17341
0.89702,0.78628
0.92632,0.72465
0.32024,0.88478
0.17419,0.64805
0.76846,0.08962
0.20642,0.72087
0.78925,0.39802
0.49021,0.54592
0.19908,0.53881
0.43975,0.2189
0.97127,0.29429
0.4427,0.99938
0.51397,0.6108
0.74728,0.96318
0.6599,0.85947
0.66005,0.78933
0.01717,0.45636
0.50517,0.45407
0.80009,0.6656
0.73612,0.94656
0.66887,0.52887
0.36698,0.27499
0.96989,0.11393
0.91934,0.69818
0.67272,0.86665
0.96212,0.26739
0.4988,0.80198
0.84117,0.54002
0.79785,0.32057
0.16694,0.02905
0.15851,0.97619
0.87234,0.05328
0.47066,0.85803
0.42512,0.95249
0.41558,0.0796
0.30534,0.19639
0.37213,0.69957
0.19354,0.26728
0.89655,0.81476
0.09716,0.65914
0.65365,0.87064
0.94279,0.53116
0.34298,0.18129
0.21505,0.77765
0.59355,0.56974
0.0632,0.80097
0.48108,0.70473
0.16941,0.32539
0.05812,0.00615
0.1821,0.45214
0.87104,0.81354
0.42313,0.14199
0.79094,0.95312
0.28267,0.16665
0.97531,0.97594
0.00943,0.52252
0.31372,0.43048
0.52102,0.08603
0.80232,0.87888
0.94777,0.37149
0.092,0.39735
0.34341,0.16075
0.38957,0.45534
0.61418,0.12507
0.0654,0.27037
0.5715,0.23786
0.02144,0.5042
0.21087,0.31294
0.79131,0.752
0.56146,0.2564
0.58073,0.37777
0.80308,0.2736
0.00426,0.29601
0.21378,0.86802
0.5641,0.48827
0.20426,0.79541
0.10447,0.78462
0.11987,0.00673
0.31291,0.49328
0.98484,0.683
0.64607,0.51975
0.93165,0.86624
0.36408,0.55283
0.71874,0.23342
0.44427,0.64091
0.05251,0.03955
0.94245,0.85491
0.21002,0.16694
0.92618,0.99118
0.95177,0.99139
0.7479,0.58825
0.69042,0.83784
0.36212,0.25981
0.93424,0.20605
0.25857,0.90601
0.67727,0.87471
0.77255,0.42085
0.50385,0.78986
0.35677,0.54221
0.67477,0.56659
0.83148,0.27403
0.81155,0.0062
0.43451,0.3141
0.98683,0.51373
0.42003,0.81843
0.79526,0.96875
0.30904,0.5547
0.96103,0.69148
0.93524,0.18189
0.53457,0.60853
0.62064,0.24529
0.46553,0.65405
0.83039,0.19534
0.30759,0.58702
0.74788,0.69156
0.71404,0.3336
0.77666,0.59294
0.1426,0.60934
0.90737,0.94054
0.19027,0.59254
0.24716,0.91146
0.90461,0.29751
0.67337,0.97785
0.07142,0.83036
0.81466,0.11317
0.58646,0.46742
0.93793,0.66
0.5326,0.84306
0.66316,0.00031
0.10315,0.75955
0.31977,0.09587
0.96814,0.16247
0.1841,0.99724
0.54167,0.07956
0.63232,0.58393
0.41826,0.08038
0.09932,0.73595
0.27064,0.88576
0.07141,0.36904
0.31682,0.08574
0.74279,0.46508
0.73401,0.81525
0.36653,0.26268
0.89396,0.08554
0.31399,0.95751
0.94985,0.49605
0.95681,0.91542
0.58789,0.34083
0.05011,0.28693
0.74406,0.68485
0.22739,0.39446
0.63445,0.6128
0.4639,0.2644
0.96925,0.56425
0.13946,0.80327
0.07729,0.66353
0.27473,0.083
0.72121,0.44776
0.60226,0.3489
0.33603,0.2351
0.59049,0.52127
0.53574,0.05287
0.84115,0.74374
0.7185,0.16204
0.40382,0.87849
0.11543,0.58671
0.6806,0.86221
0.72908,0.33258
0.15218,0.81938
0.03287,0.60223
0.23511,0.08258
0.19213,0.04064
0.54519,0.28647
0.86502,0.23078
0.93955,0.852
0.86267,0.62979
0.81217,0.95339
0.46775,0.3304
0.02005,0.2196
0.99671,0.73876
0.76352,0.61513
0.29289,0.50731
0.70235,0.32405
0.54384,0.56094
0.33604,0.63489
0.9166,0.79817
0.24378,0.46393
0.16452,0.20943
0.4298,0.13872
0.74173,0.0533
0.2749,0.77625
0.6997,0.73358
0.34763,0.69639
0.19333,0.83434
0.42636,0.37079
0.05751,0.63395
0.04524,0.88756
0.2992,0.38497
0.7507,0.47929
0.66089,0.99693
0.8577,0.29422
0.73914,0.24286
0.93596,0.14931
0.99569,0.34067
0.76831,0.9075
0.59973,0.7598
0.68679,0.38005
0.62749,0.49303
0.2645,0.7819
0.01845,0.97852
0.91717,0.07721
0.22962,0.94412
0.65661,0.11416
0.59285,0.16524
0.89121,0.98094
0.35642,0.31876
0.13951,0.85436
0.40196,0.87831
0.35568,0.0443
0.6332,0.43549
0.33243,0.19838
0.17678,0.19681
0.0668,0.25428
0.87755,0.99197
0.52882,0.798
0.17146,0.8397
0.73284,0.42512
0.43948,0.6934
0.02424,0.08106
0.8726,0.28312
0.54692,0.83116
0.44273,0.29707
0.86305,0.01241
0.69678,0.99247
0.79734,0.43996
0.19858,0.95146
0.40452,0.321
0.83908,0.74335
0.05681,0.24621
0.09611,0.54632
0.53246,0.37656
0.4863,0.21683
0.34659,0.93637
0.41955,0.46199
0.17497,0.16685
0.27734,0.53363
0.9587,0.70895
0.13401,0.80578
0.36524,0.32439
0.50515,0.0261
0.33331,0.18495
0.73372,0.48122
0.94448,0.48399
0.41304,0.85068
0.36163,0.10545
0.87415,0.49582
0.65858,0.94841
0.18883,0.21913
0.15788,0.75309
0.95623,0.64177
0.72699,0.44202
0.90936,0.11884
0.54632,0.26673
0.68646,0.09684
0.87382,0.40488
0.29582,0.66277
0.46677,0.35272
0.75536,0.24918
0.53172,0.91739
0.75598,0.29367
0.72073,0.81485
0.60707,0.75502
0.04738,0.96757
0.49521,0.04729
0.17694,0.83161
0.97133,0.65619
0.40616,0.94058
0.61782,0.46677
0.89899,0.63764
0.49625,0.24756
0.94944,0.56124
0.08553,0.64836
0.82341,0.22019
0.41125,0.79192
0.98952,0.52508
0.28656,0.35269
0.28319,0.35632
0.20639,0.36415
0.14279,0.97995
0.9029,0.66017
0.05581,0.68225
0.06372,0.1588
0.88321,0.6555
0.35985,0.05553
0.31553,0.50284
0.74241,0.01978
0.90261,0.05087
0.84124,0.48856
0.76166,0.38561
0.68764,0.75304
0.80464,0.43183
0.3151,0.02686
0.1261,0.71571
0.60808,0.21874
0.34458,0.33429
0.56615,0.70598
0.74705,0.57126
0.1924,0.5322
0.75201,0.43655
0.77097,0.36655
0.39271,0.2799
0.24471,0.6778
0.21503,0.51057
0.96365,0.5792
0.41133,0.78576
0.42947,0.25753
0.95743,0.81355
0.36955,0.04505
0.76796,0.14653
0.68147,0.28583
0.39279,0.34686
0.84162,0.20363
0.37408,0.20041
0.91397,0.41119
0.91389,0.81616
0.37566,0.07546
0.54391,0.17643
0.60214,0.92817
0.33872,0.16491
0.94727,0.08189
0.88421,0.78773
0.89894,0.43804
0.30008,0.70589
0.1575,0.87039
0.88292,0.21899
0.30972,0.9804
0.49427,0.93662
0.61132,0.05138
0.13708,0.57403
0.0267,0.94397
0.71794,0.51295
0.99071,0.56247
0.15474,0.70345
0.1565,0.37892
0.4197,0.55595
0.5719,0.90457
0.33998,0.72143
0.82176,0.64504
0.69919,0.18194
0.45703,0.03487
0.81323,0.64368
0.68066,0.39471
0.79366,0.59318
0.80261,0.97377
0.26163,0.8338
0.19785,0.64172
0.60781,0.84985
0.14213,0.60348
0.74142,0.95729
0.55112,0.84458
0.45198,0.75726
0.52611,0.83977
0.77891,0.1743
0.48258,0.27392
0.08284,0.90911
0.37543,0.20982
0.38391,0.15597
0.61003,0.72487
0.39295,0.81296
0.33531,0.73514
0.17243,0.6015
0.13824,0.09484
0.16895,0.56353
0.60663,0.14108
0.07806,0.09371
0.08991,0.16251
0.64992,0.55843
0.45232,0.58789
0.435,0.40029
0.92733,0.92288
0.34394,0.17105
0.47316,0.79928
0.8319,0.98179
0.89394,0.66812
0.36885,0.14894
0.30445,0.19954
0.21048,0.1702
0.67853,0.87779
0.26579,0.19222
0.47477,0.4437
0.01546,0.13633
0.41387,0.44314
0.56346,0.09246
0.47083,0.41531
0.3527,0.57358
0.02073,0.58384
0.9448,0.55688
0.16828,0.41753
0.54574,0.51898
0.05806,0.36341
0.45305,0.22108
0.44726,0.26588
0.26763,0.797
0.38949,0.29217
0.21169,0.23653
0.12857,0.39488
0.9977,0.28761
0.24263,0.97601
0.70726,0.9007
0.66995,0.42012
0.96855,0.70413
0.16492,0.22422
0.64062,0.21055
0.5168,0.8968
0.36344,0.20642
0.43805,0.7119
0.83766,0.18168
0.35877,0.60925
0.73151,0.26695
0.3623,0.57802
0.26625,0.96009
0.69241,0.16341
0.58617,0.18199
0.57744,0.25356
0.8768,0.61582
0.95941,0.71037
0.08009,0.02995
0.3457,0.82115
0.09109,0.44231
0.6659,0.29428
0.41799,0.44476
0.24668,0.48426
0.8207,0.73602
0.96477,0.70344
0.88295,0.07812
0.50785,0.94965
0.74209,0.57531
0.29047,0.35303
0.75046,0.21114
0.88947,0.81881
0.90647,0.82317
0.70028,0.20645
0.38393,0.07947
0.85385,0.48094
0.81511,0.46146
0.24791,0.87825
0.86638,0.12211
0.05797,0.82719
0.44863,0.66228
0.82177,0.76415
0.22679,0.84808
0.62275,0.17137
0.69589,0.91046
0.58902,0.45531
0.40477,0.31122
0.945,0.11481
0.74393,0.04166
0.25682,0.82749
0.26314,0.82199
0.24805,0.07967
0.16999,0.30984
0.92496,0.61465
0.83435,0.70819
0.79073,0.17391
0.7535,0.40459
0.86419,0.44437
0.33442,0.13483
0.75741,0.79742
0.14742,0.51604
0.52906,0.92138
0.28636,0.64802
0.55778,0.61577
0.31489,0.56042
0.84245,0.00192
0.531,0.24135
0.773,0.55372
0.71228,0.67344
0.86866,0.04725
0.352,0.35342
0.56833,0.92797
0.08613,0.78183
0.98071,0.82575
0.00618,0.90752
0.7195,0.06424
0.05998,0.58061
0.75303,0.36113
0.12598,0.22901
0.16777,0.63524
0.40236,0.60016
0.89408,0.01272
0.19676,0.14822
0.06479,0.38633
0.10992,0.27096
0.78669,0.09414
0.84685,0.88998
0.36756,0.43473
0.84684,0.21545
0.23642,0.27456
0.96609,0.07792
0.96241,0.19969
0.40312,0.12735
0.94718,0.12388
0.78538,0.27591
0.97984,0.87776
0.55813,0.5347
0.07209,0.01763
0.55271,0.55183
0.68793,0.01561
0.23078,0.6887
0.19358,0.36727
0.95756,0.2398
0.92372,0.45276
0.30627,0.22772
0.36175,0.33567
0.20633,0.09903
0.96943,0.50154
0.86912,0.57022
0.80518,0.23864
0.54919,0.68216
0.1108,0.66522
0.7641,0.85143
0.65627,0.40921
0.53474,0.36176
0.1087,0.05059
0.98819,0.18437
0.14768,0.23858
0.24437,0.72493
0.64689,0.02896
0.51162,0.39738
0.88973,0.20353
0.4506,0.64501
0.7823,0.34985
0.97991,0.6962
0.07184,0.26773
0.02054,0.45193
0.12623,0.65578
0.26178,0.31097
0.75849,0.19542
0.2245,0.55266
0.12515,0.87953
0.10585,0.27299
0.99241,0.15116
0.55247,0.83284
0.82034,0.73849
0.58294,0.51386
0.85601,0.23892
0.07921,0.20852
0.74158,0.52431
0.62921,0.04186
0.84507,0.10189
0.39381,0.75834
0.85157,0.94528
0.19916,0.85252
0.3515,0.63505
0.37238,0.43127
0.89747,0.15638
0.37152,0.85673
0.04441,0.58724
0.06217,0.70701
0.4142,0.57418
0.37969,0.37244
0.10243,0.78011
0.16696,0.29079
0.78708,0.08412
0.15182,0.22932
0.71655,0.70857
0.3864,0.34281
0.73832,0.21689
0.58987,0.74366
0.00744,0.25039
0.42153,0.92668
0.0376,0.95808
0.23351,0.79735
0.62647,0.43566
0.82335,0.2129
0.77639,0.65309
0.28614,0.27425
0.75641,0.36385
0.74855,0.19308
0.84169,0.0283
0.24125,0.4135
0.11584,0.27855
0.86916,0.83148
0.69892,0.26545
0.22071,0.66975
0.90509,0.64698
0.06694,0.21764
0.48631,0.6094
0.49003,0.68345
0.88919,0.71919
0.48764,0.0748
0.7443,0.73949
0.61998,0.7669
0.92088,0.10677
0.79285,0.56833
0.54956,0.1
0.31692,0.48086
0.04934,0.23025
0.11667,0.67492
0.59245,0.50517
0.05127,0.30476
0.48534,0.05504
0.2309,0.07569
0.87077,0.14704
0.45912,0.76939
0.51569,0.88068
0.83039,0.2372
0.9349,0.90905
0.40019,0.35974
0.47402,0.62079
0.42932,0.54035
0.15193,0.72219
0.4101,0.61318
0.57305,0.49638
0.08129,0.67686
0.53026,0.96267
0.33605,0.02943
0.72634,0.11954
0.66116,0.34792
0.34404,0.57764
0.8011,0.29936
0.2651,0.47325
0.91385,0.18794
0.00121,0.26316
0.22568,0.22564
0.5201,0.7381
0.3106,0.65788
0.36713,0.80356
0.75017,0.92158
0.96388,0.95476
0.76383,0.0521
0.02062,0.83982
0.11824,0.20655
0.36609,0.79806
0.66959,0.50167
0.46296,0.98512
0.29336,0.16315
0.93401,0.16985
0.86237,0.99989
0.97041,0.04999
0.63017,0.36354
0.01777,0.95726
0.41815,0.12923
0.85544,0.00385
0.13102,0.26579
0.45884,0.87077
0.28173,0.06454
0.3702,0.55
0.06449,0.78422
0.99512,0.24817
0.33264,0.03078
0.94623,0.98069
0.31316,0.88747
0.65493,0.9977
0.35373,0.29772
0.15812,0.51868
0.72094,0.21685
0.15711,0.52145
0.5736,0.57224
0.36082,0.13705
0.95289,0.73444
0.95546,0.29209
0.9186,0.70151
0.39051,0.32357
0.85301,0.51022
0.27611,0.08789
0.18091,0.70844
0.40142,0.53895
0.10801,0.35132
0.22999,0.02321
0.17925,0.87516
0.83398,0.00246
0.09078,0.13608
0.81676,0.80814
0.32699,0.38176
0.69122,0.81033
0.05821,0.86774
0.64092,0.42416
0.41509,0.19093
0.82644,0.76158
0.22704,0.78387
0.13378,0.29401
0.98595,0.84159
0.08243,0.62045
0.20619,0.97945
0.80333,0.93426
0.82134,0.70512
0.32003,0.23449
0.52951,0.72119
0.68224,0.84454
0.74781,0.66867
0.77549,0.18975
0.44384,0.45621
0.1449,0.42432
0.68571,0.90847
0.41456,0.01841
0.12437,0.5709
0.26618,0.86989
0.5416,0.10781
0.7854,0.51522
0.6915,0.73251
0.3418,0.46241
0.70945,0.89195
0.42484,0.35292
0.74063,0.4582
0.9374,0.62397
0.01795,0.92664
0.08074,0.28112
0.31835,0.86057
0.81973,0.77199
0.43634,0.76694
0.8278,0.23162
0.48373,0.57029
0.90567,0.66482
0.25872,0.90171
0.37293,0.4934
0.36048,0.91974
0.67688,0.80441
0.95643,0.95002
0.07543,0.12552
0.44509,0.09977
0.79513,0.38534
0.33236,0.18427
0.76338,0.55266
0.65083,0.5404
0.54976,0.83459
0.40987,0.13539
0.67629,0.7435
0.6423,0.90128
0.15371,0.89058
0.78158,0.77171
0.55933,0.03636
0.95798,0.47219
0.51562,0.00266
0.74884,0.36973
0.87471,0.299
0.60942,0.60759
0.33789,0.4457
0.17454,0.23914
0.99352,0.58041
0.51866,0.1065
0.01433,0.55129
0.80807,0.2854
0.23052,0.10534
0.67882,0.39641
0.91446,0.75491
0.14317,0.14564
0.94253,0.19489
0.20084,0.05415
0.23678,0.66929
0.76676,0.49813
0.57588,0.26928
0.12092,0.88526
0.27011,0.45321
0.98871,0.03252
0.57701,0.86924
0.87039,0.00904
0.63982,0.88828
0.7358,0.09109
0.64544,0.69034
0.82214,0.34316
0.63516,0.05093
0.34925,0.2746
0.10095,0.20395
0.70352,0.78573
0.14715,0.77878
0.29014,0.50875
0.18523,0.87518
0.46311,0.20916
0.97246,0.5367
0.6028,0.91126
0.81331,0.70219
0.64147,0.56674
0.40175,0.36737
0.89617,0.29549
0.53515,0.45942
0.97064,0.84528
0.27302,0.19308
0.58453,0.57963
0.39533,0.70262
0.86103,0.78092
0.4162,0.3153
0.12451,0.69177
0.02781,0.57508
0.65446,0.15031
0.72154,0.83785
0.51049,0.39399
0.06215,0.62994
0.11711,0.23977
0.3893,0.39052
0.78175,0.77774
0.07365,0.84625
0.36842,0.10437
0.62782,0.77548
0.51271,0.58794
0.96615,0.2068
0.26452,0.61889
0.54286,0.1897
0.80964,0.88478
0.00699,0.10307
0.33699,0.15278
0.08486,0.89254
0.55211,0.37359
0.58146,0.40285
0.58725,0.86716
0.55328,0.19677
0.35942,0.50578
0.2367,0.65067
0.00173,0.49456
0.35559,0.4992
0.34464,0.17013
0.64039,0.31553
0.24722,0.01733
0.76911,0.09904
0.74191,0.09626
0.96662,0.38759
0.03377,0.6278
0.16201,0.04433
0.84561,0.18326
0.83366,0.1102
0.73446,0.89544
0.27961,0.73867
0.18142,0.0738
0.67537,0.58698
0.16597,0.88838
0.56345,0.10366
0.7,0.86264
0.75262,0.31823
0.79463,0.21701
0.53941,0.24469
0.46777,0.04748
0.04834,0.52624
0.09376,0.41958
0.72219,0.31379
0.88524,0.76203
0.18162,0.06365
0.77025,0.12316
0.63754,0.92264
0.71817,0.9747
0.26919,0.45212
0.91026,0.43337
0.52614,0.62256
0.09095,0.59079
0.26999,0.21981
0.38358,0.77988
0.28471,0.15884
0.95478,0.9755
0.07223,0.59792
0.59124,0.16604
0.08261,0.10719
0.74877,0.45884
0.84202,0.47564
0.88012,0.71378
0.58316,0.70755
0.4318,0.66731
0.77345,0.88585
0.26946,0.95636
0.15842,0.03956
0.7211,0.01794
0.80606,0.77567
0.45435,0.18358
0.44303,0.51749
0.4664,0.06303
0.53585,0.60658
0.21513,0.06349
0.38123,0.30752
0.21987,0.17006
0.98706,0.20177
0.28644,0.87823
0.27287,0.52158
0.29813,0.90064
0.22793,0.00974
0.42738,0.14789
0.72576,0.39915
0.9343,0.84865
0.75974,0.54717
0.41751,0.65225
0.8379,0.26221
0.49731,0.39138
0.25932,0.53829
0.91061,0.13705
0.97946,0.64402
0.1992,0.01338
0.34345,0.83103
0.90408,0.9271
0.28224,0.10258
0.62201,0.10171
0.21304,0.55166
0.09936,0.38442
0.39729,0.03063
0.54388,0.35831
0.69247,0.00531
0.4012,0.12212
0.24571,0.43419
0.01908,0.47397
0.26846,0.03488
0.33943,0.91247
0.5308,0.90433
0.11716,0.15506
0.27137,0.56674
0.55946,0.02253
0.75476,0.37159
0.50759,0.86964
0.16042,0.04941
0.27683,0.19486
0.1579,0.72263
0.57526,0.57597
0.26235,0.53354
0.40833,0.6449
0.00931,0.31872
0.69747,0.07284
0.11786,0.69166
0.69787,0.5319
0.53135,0.00275
0.59686,0.97323
0.47459,0.54887
0.89578,0.04121
0.235,0.88854
0.37425,0.62187
0.20952,0.82526
0.36234,0.09731
0.32162,0.68342
0.49454,0.39819
0.05649,0.70746
0.81583,0.25243
0.72968,0.18846
0.40841,0.44301
0.67007,0.03486
0.38377,0.39943
0.77099,0.1166
0.043,0.01472
0.16824,0.6545
0.94277,0.46011
0.47953,0.4168
0.25749,0.89869
0.11034,0.05436
0.70538,0.88958
0.79318,0.59101
0.28009,0.39338
0.94322,0.7422
0.56059,0.73448
0.3553,0.32404
0.46248,0.7082
0.3197,0.89349
0.45317,0.96914
0.8134,0.3806
0.82893,0.27266
0.25996,0.43528
0.68343,0.49467
0.62837,0.38386
0.53164,0.52541
0.60971,0.6077
0.69409,0.46395
0.95283,0.04637
0.06775,0.97088
0.58534,0.05435
0.04689,0.87511
0.04262,0.58641
0.08128,0.64108
0.61386,0.53446
0.43996,0.4159
0.91612,0.89142
0.47266,0.76199
0.61499,0.95208
0.73677,0.29853
0.73037,0.0428
0.45976,0.2857
0.67612,0.58566
0.83633,0.4908
0.22888,0.57351
0.56915,0.28245
0.04178,0.00828
0.60884,0.09213
0.3,0.5383
0.89534,0.09307
0.77173,0.82864
0.85638,0.54211
0.5367,0.04238
0.77474,0.67718
0.97102,0.16085
0.23982,0.91635
0.5565,0.38803
0.01572,0.61333
0.78153,0.17426
0.99169,0.56743
0.25535,0.65746
0.47401,0.72698
0.71047,0.63067
0.88067,0.91692
0.20698,0.18261
0.09792,0.86068
0.43772,0.2909
0.01256,0.89198
0.71337,0.85411
0.19418,0.57192
0.16667,0.62761
0.00584,0.58845
0.68191,0.01444
0.28956,0.58768
0.99706,0.11119
0.92233,0.66509
0.32623,0.7352
0.28237,0.49678
0.50786,0.15879
0.81826,0.9056
0.432,0.11555
0.11896,0.37447
0.03632,0.51473
0.14552,0.74041
0.4398,0.31641
0.77162,0.75605
0.23659,0.2286
0.10539,0.29551
0.88975,0.01784
0.85363,0.89756
0.47171,0.66497
0.43861,0.08727
0.46318,0.17207
0.46335,0.79851
0.20282,0.62184
0.50176,0.89512
0.07975,0.88292
0.14682,0.3228
0.24198,0.73505
0.50845,0.25985
0.48181,0.04776
0.40011,0.72277
0.76244,0.96994
0.01485,0.94527
0.01367,0.51908
0.3027,0.89823
0.62893,0.38255
0.91779,0.55598
0.4185,0.21776
0.81365,0.65639
0.7779,0.07743
0.27842,0.05697
0.14492,0.82979
0.066,0.22974
0.78397,0.2846
0.67735,0.3379
0.45431,0.35991
0.60722,0.42008
0.78988,0.50588
0.30523,0.36426
0.19648,0.29873
0.59497,0.09377
0.76683,0.73665
0.55044,0.61507
0.60828,0.41935
0.92175,0.90532
0.43744,0.95105
0.23359,0.33528
0.14485,0.01796
0.41273,0.4963
0.47424,0.53816
0.60512,0.16796
0.69273,0.48651
0.89403,0.962
0.50243,0.11309
0.52602,0.60209
0.35588,0.92318
0.19144,0.96761
0.47734,0.853
0.27,0.07973
0.37124,0.27068
0.47061,0.56468
0.10835,0.52675
0.34537,0.79346
0.8796,0.77513
0.76128,0.65857
0.60106,0.54344
0.96775,0.83455
0.14556,0.2329
0.56187,0.9727
0.03167,0.81655
0.16125,0.05214
0.72175,0.25108
0.46463,0.00534
0.52781,0.34006
0.10395,0.69323
0.97975,0.00183
0.13646,0.68755
0.67067,0.78806
0.7508,0.2399
0.88651,0.32159
0.39634,0.96229
0.10333,0.13825
0.39099,0.1734
0.16719,0.46354
0.80087,0.94697
0.23249,0.90937
0.13546,0.62369
0.8542,0.97524
0.13565,0.66537
0.96288,0.95888
0.06185,0.57022
0.49743,0.62391
0.09927,0.87741
0.20229,0.93448
0.8388,0.55717
0.20626,0.75132
0.92374,0.80193
0.69004,0.38919
0.33316,0.48247
0.87049,0.9089
0.50628,0.5565
0.40436,0.63258
0.19693,0.05638
0.89103,0.47286
0.74806,0.85732
0.81394,0.59928
0.40915,0.53399
0.98688,0.51576
0.08446,0.46781
0.4456,0.05328
0.83233,0.92427
0.76241,0.97771
0.30974,0.22868
0.48307,0.84664
0.48785,0.8911
0.77812,0.9243
0.06549,0.94533
0.64522,0.68184
0.55011,0.4631
0.90178,0.03927
0.31223,0.67308
0.21261,0.40466
0.43987,0.75098
0.01093,0.00058
0.098,0.88475
0.07711,0.74395
0.04478,0.0061
0.36094,0.73423
0.22943,0.50186
0.86754,0.218
0.00145,0.68856
0.89879,0.25667
0.94244,0.43248
0.87658,0.0265
0.47255,0.37858
0.73268,0.47174
0.62357,0.56927
0.50349,0.39609
0.16877,0.24374
0.99942,0.28724
0.49829,0.81361
0.07509,0.0704
0.7527,0.24043
0.23326,0.81275
0.27719,0.87426
0.52975,0.24088
0.17726,0.97061
0.84236,0.11736
0.42266,0.42119
0.89331,0.96119
0.59918,0.59338
0.20449,0.59342
0.30142,0.31361
0.61324,0.84083
0.43451,0.14328
0.77459,0.94746
0.77126,0.75013
0.89871,0.03686
0.65039,0.18389
0.33309,0.91629
0.46998,0.20245
0.96118,0.68185
0.52552,0.3051
0.94089,0.61376
0.09839,0.60063
0.53727,0.28031
0.62583,0.65353
0.48285,0.0779
0.70298,0.53709
0.47248,0.51103
0.64594,0.67504
0.56082,0.69436
0.65871,0.83363
0.84878,0.28607
0.76502,0.66924
0.51789,0.00288
0.47179,0.40782
0.63089,0.77761
0.78538,0.42647
0.79994,0.16448
0.45268,0.66198
0.15193,0.95936
0.53049,0.05891
0.35491,0.73276
0.1588,0.52471
0.36565,0.68147
0.55713,0.86083
0.52662,0.88856
0.12929,0.40443
0.58135,0.14395
0.81324,0.04529
0.09419,0.12632
0.99824,0.32982
0.7351,0.02875
0.42272,0.60022
0.15764,0.71134
0.74124,0.03596
0.75748,0.57092
0.85379,0.10432
0.37714,0.60434
0.15915,0.5024
0.62969,0.96332
0.31117,0.22622
0.38725,0.89961
0.03414,0.056
0.78445,0.46369
0.38955,0.03352
0.92559,0.7471
0.09126,0.4681
0.611,0.87444
0.67136,0.63709
0.00374,0.23818
0.61974,0.58065
0.99617,0.81263
0.29907,0.77842
0.83913,0.13019
0.90641,0.12328
0.78407,0.10875
0.31705,0.57748
0.57509,0.56989
0.56573,0.20961
0.58941,0.43151
0.14417,0.04617
0.69099,0.73057
0.44013,0.24729
0.8107,0.637
0.78425,0.15609
0.98199,0.73024
0.15704,0.57413
0.08278,0.08558
0.81418,0.33243
0.28449,0.63651
0.06488,0.92475
0.40974,0.01874
0.06093,0.83128
0.48489,0.86233
0.21845,0.79414
0.26841,0.32693
0.6126,0.10051
0.26022,0.96298
0.48731,0.14062
0.88579,0.64301
0.87555,0.70566
0.76369,0.5373
0.96812,0.57422
0.64307,0.65581
0.52278,0.4406
0.46013,0.93527
0.73687,0.14364
0.36113,0.20337
0.04378,0.08712
0.05682,0.11801
0.03619,0.62288
0.12572,0.75026
0.84929,0.66101
0.62737,0.79056
0.39479,0.77832
0.1941,0.08364
0.67412,0.77108
0.78911,0.58054
0.26889,0.69193
0.4752,0.63887
0.94857,0.17809
0.69079,0.13069
0.29006,0.11394
0.07198,0.08762
0.85211,0.05914
0.59981,0.08785
0.30025,0.47407
0.23601,0.67908
0.90756,0.29833
0.7772,0.18955
0.81268,0.65265
0.08317,0.51098
0.53221,0.88122
0.25669,0.74885
0.83108,0.56477
0.69944,0.86123
0.05676,0.62217
0.88737,0.05746
0.36755,0.41644
0.93619,0.51706
0.71454,0.88352
0.19571,0.66125
0.16339,0.58097
0.91767,0.06849
0.59179,0.44955
0.41115,0.67441
0.66099,0.68181
0.66595,0.65434
0.3817,0.7579
0.2436,0.76956
0.2303,0.25007
0.18714,0.67437
