5
2527 4950
1 2 -27
1 3 92
1 4 -50
1 5 -61
1 6 -14
1 7 -89
1 8 -3
1 9 56
1 10 75
1 11 -59
1 12 -40
1 13 -36
1 14 -57
1 15 -13
1 16 -47
1 17 63
1 18 -49
1 19 -42
1 20 36
1 21 49
1 22 -22
1 23 -75
1 24 -2
1 25 15
1 26 -64
2 27 -31
3 27 38
3 28 -3
4 28 4
4 29 46
5 29 -11
5 30 -14
6 30 -16
6 31 26
7 31 -15
7 32 -22
8 32 -89
8 33 48
9 33 91
9 34 -26
10 34 -14
10 35 -42
11 35 -10
11 36 6
12 36 -38
12 37 78
13 37 -3
13 38 -31
14 38 -57
14 39 -35
15 39 -11
15 40 37
16 40 62
16 41 -38
17 41 44
17 42 -53
18 42 -42
18 43 32
19 43 31
19 44 -67
20 44 -18
20 45 75
21 45 -35
21 46 6
22 46 -65
22 47 -43
23 47 -97
23 48 17
24 48 50
24 49 -42
25 49 23
25 50 -90
26 50 -39
26 51 -3
27 52 -9
28 52 -85
28 53 98
29 53 -17
29 54 -57
30 54 -31
30 55 -20
31 55 75
31 56 82
32 56 86
32 57 53
33 57 60
33 58 -49
34 58 -82
34 59 36
35 59 66
35 60 -68
36 60 -15
36 61 -5
37 61 -13
37 62 -32
38 62 63
38 63 -86
39 63 66
39 64 -74
40 64 -6
40 65 -55
41 65 33
41 66 -77
42 66 -73
42 67 -46
43 67 62
43 68 -45
44 68 -5
44 69 -78
45 69 -62
45 70 -48
46 70 -88
46 71 -71
47 71 96
47 72 90
48 72 89
48 73 -82
49 73 1
49 74 -58
50 74 92
50 75 40
51 75 87
51 76 30
52 77 89
53 77 66
53 78 -33
54 78 -35
54 79 13
55 79 -25
55 80 26
56 80 14
56 81 -95
57 81 15
57 82 -63
58 82 6
58 83 -27
59 83 36
59 84 -78
60 84 31
60 85 -74
61 85 -27
61 86 -50
62 86 -58
62 87 6
63 87 2
63 88 -46
64 88 42
64 89 -84
65 89 -85
65 90 -93
66 90 54
66 91 82
67 91 76
67 92 14
68 92 -31
68 93 -36
69 93 -60
69 94 82
70 94 5
70 95 63
71 95 80
71 96 93
72 96 59
72 97 20
73 97 76
73 98 33
74 98 42
74 99 35
75 99 -13
75 100 25
76 100 81
76 101 40
77 102 -7
78 102 78
78 103 76
79 103 -66
79 104 32
80 104 25
80 105 -76
81 105 52
81 106 82
82 106 14
82 107 -50
83 107 -36
83 108 86
84 108 3
84 109 25
85 109 -48
85 110 -3
86 110 -88
86 111 -7
87 111 -85
87 112 62
88 112 -34
88 113 75
89 113 -93
89 114 16
90 114 32
90 115 -23
91 115 -36
91 116 81
92 116 -53
92 117 28
93 117 -68
93 118 58
94 118 34
94 119 -48
95 119 87
95 120 -50
96 120 44
96 121 -80
97 121 -63
97 122 -66
98 122 -2
98 123 10
99 123 44
99 124 14
100 124 -91
100 125 93
101 125 11
101 126 -58
102 127 89
103 127 45
103 128 19
104 128 34
104 129 57
105 129 -4
105 130 11
106 130 -92
106 131 98
107 131 11
107 132 13
108 132 99
108 133 61
109 133 65
109 134 59
110 134 75
110 135 62
111 135 91
111 136 92
112 136 48
112 137 95
113 137 55
113 138 6
114 138 60
114 139 -2
115 139 -65
115 140 -38
116 140 -22
116 141 -30
117 141 -67
117 142 -85
118 142 47
118 143 -30
119 143 29
119 144 -41
120 144 -78
120 145 -49
121 145 87
121 146 39
122 146 14
122 147 39
123 147 -4
123 148 -25
124 148 -75
124 149 -11
125 149 -67
125 150 -88
126 150 4
126 151 81
127 152 5
128 152 98
128 153 -6
129 153 -38
129 154 -36
130 154 55
130 155 78
131 155 -85
131 156 -7
132 156 81
132 157 -2
133 157 -99
133 158 71
134 158 -68
134 159 -19
135 159 41
135 160 54
136 160 82
136 161 -90
137 161 82
137 162 27
138 162 -29
138 163 67
139 163 20
139 164 -37
140 164 -32
140 165 -2
141 165 19
141 166 -46
142 166 34
142 167 99
143 167 0
143 168 79
144 168 72
144 169 -66
145 169 -1
145 170 -83
146 170 -76
146 171 -34
147 171 -3
147 172 89
148 172 42
148 173 -35
149 173 -94
149 174 39
150 174 -77
150 175 -3
151 175 52
151 176 33
152 177 -75
153 177 58
153 178 -44
154 178 54
154 179 -31
155 179 -52
155 180 19
156 180 -51
156 181 -19
157 181 35
157 182 -41
158 182 -52
158 183 -21
159 183 -28
159 184 -55
160 184 -71
160 185 6
161 185 4
161 186 -19
162 186 -28
162 187 96
163 187 -20
163 188 66
164 188 30
164 189 -6
165 189 27
165 190 -30
166 190 -18
166 191 8
167 191 -86
167 192 8
168 192 -90
168 193 46
169 193 -36
169 194 -8
170 194 -5
170 195 -38
171 195 48
171 196 -3
172 196 25
172 197 -23
173 197 34
173 198 40
174 198 -7
174 199 71
175 199 -71
175 200 -14
176 200 61
176 201 -74
177 202 -90
178 202 87
178 203 65
179 203 11
179 204 -55
180 204 -35
180 205 -42
181 205 -21
181 206 -98
182 206 -42
182 207 -56
183 207 -26
183 208 12
184 208 20
184 209 -51
185 209 4
185 210 7
186 210 -63
186 211 70
187 211 99
187 212 -71
188 212 69
188 213 78
189 213 -98
189 214 1
190 214 -13
190 215 31
191 215 -26
191 216 -52
192 216 -24
192 217 -78
193 217 30
193 218 80
194 218 -23
194 219 18
195 219 31
195 220 -89
196 220 -79
196 221 33
197 221 23
197 222 -73
198 222 42
198 223 19
199 223 97
199 224 -22
200 224 72
200 225 97
201 225 23
201 226 27
202 227 90
203 227 -34
203 228 -86
204 228 -58
204 229 21
205 229 -42
205 230 64
206 230 22
206 231 86
207 231 -20
207 232 4
208 232 -73
208 233 -36
209 233 42
209 234 22
210 234 -90
210 235 -31
211 235 -49
211 236 29
212 236 19
212 237 -88
213 237 -78
213 238 82
214 238 95
214 239 -3
215 239 -7
215 240 -46
216 240 90
216 241 84
217 241 -8
217 242 57
218 242 92
218 243 19
219 243 -14
219 244 56
220 244 30
220 245 -2
221 245 37
221 246 -54
222 246 100
222 247 -8
223 247 89
223 248 60
224 248 90
224 249 28
225 249 87
225 250 54
226 250 -14
226 251 -65
227 252 77
228 252 -61
228 253 -90
229 253 -36
229 254 -47
230 254 -80
230 255 -81
231 255 64
231 256 -16
232 256 39
232 257 -31
233 257 89
233 258 -5
234 258 19
234 259 -17
235 259 -94
235 260 -54
236 260 47
236 261 80
237 261 81
237 262 -85
238 262 -62
238 263 60
239 263 -14
239 264 51
240 264 11
240 265 78
241 265 -8
241 266 -60
242 266 -8
242 267 -11
243 267 30
243 268 10
244 268 87
244 269 75
245 269 46
245 270 -76
246 270 82
246 271 20
247 271 -97
247 272 -87
248 272 41
248 273 -7
249 273 43
249 274 19
250 274 7
250 275 -35
251 275 29
251 276 -75
252 277 -75
253 277 93
253 278 70
254 278 20
254 279 85
255 279 -86
255 280 -7
256 280 25
256 281 83
257 281 -7
257 282 -16
258 282 45
258 283 -16
259 283 52
259 284 -59
260 284 -53
260 285 72
261 285 64
261 286 72
262 286 56
262 287 0
263 287 -21
263 288 -24
264 288 -16
264 289 84
265 289 -94
265 290 -95
266 290 35
266 291 -1
267 291 24
267 292 -72
268 292 75
268 293 39
269 293 51
269 294 -99
270 294 27
270 295 -21
271 295 77
271 296 -27
272 296 85
272 297 -90
273 297 93
273 298 89
274 298 25
274 299 100
275 299 6
275 300 -7
276 300 62
276 301 60
277 302 65
278 302 -69
278 303 48
279 303 12
279 304 32
280 304 10
280 305 -100
281 305 25
281 306 -81
282 306 28
282 307 0
283 307 -8
283 308 -39
284 308 -94
284 309 10
285 309 -60
285 310 -66
286 310 76
286 311 -51
287 311 -86
287 312 39
288 312 -49
288 313 79
289 313 -6
289 314 38
290 314 29
290 315 64
291 315 -33
291 316 -64
292 316 24
292 317 -53
293 317 71
293 318 73
294 318 85
294 319 -18
295 319 54
295 320 -65
296 320 -43
296 321 64
297 321 -26
297 322 -39
298 322 -50
298 323 29
299 323 48
299 324 66
300 324 53
300 325 49
301 325 25
301 326 65
302 327 70
303 327 -71
303 328 51
304 328 79
304 329 32
305 329 41
305 330 57
306 330 -31
306 331 -73
307 331 -81
307 332 19
308 332 -37
308 333 66
309 333 -92
309 334 -23
310 334 -31
310 335 20
311 335 -14
311 336 42
312 336 59
312 337 -75
313 337 50
313 338 63
314 338 -35
314 339 31
315 339 -18
315 340 -43
316 340 -57
316 341 -65
317 341 46
317 342 -87
318 342 -4
318 343 -51
319 343 -36
319 344 93
320 344 -75
320 345 -67
321 345 85
321 346 -28
322 346 89
322 347 65
323 347 -68
323 348 84
324 348 -41
324 349 -42
325 349 -97
325 350 18
326 350 41
326 351 -89
327 352 62
328 352 -27
328 353 39
329 353 -16
329 354 -18
330 354 43
330 355 -15
331 355 4
331 356 -58
332 356 -95
332 357 61
333 357 72
333 358 -27
334 358 -97
334 359 18
335 359 -25
335 360 53
336 360 40
336 361 40
337 361 -91
337 362 18
338 362 11
338 363 -66
339 363 -82
339 364 61
340 364 -29
340 365 12
341 365 50
341 366 -84
342 366 -1
342 367 99
343 367 -99
343 368 83
344 368 0
344 369 -51
345 369 9
345 370 5
346 370 -65
346 371 49
347 371 -65
347 372 -17
348 372 -13
348 373 85
349 373 -87
349 374 100
350 374 -71
350 375 33
351 375 -76
351 376 83
352 377 -22
353 377 3
353 378 -35
354 378 -69
354 379 39
355 379 -91
355 380 -14
356 380 46
356 381 32
357 381 1
357 382 -31
358 382 17
358 383 -62
359 383 51
359 384 31
360 384 -50
360 385 -74
361 385 -79
361 386 -15
362 386 70
362 387 -51
363 387 -34
363 388 48
364 388 -85
364 389 -78
365 389 -45
365 390 31
366 390 -33
366 391 -91
367 391 -55
367 392 -48
368 392 -34
368 393 -93
369 393 59
369 394 -46
370 394 -2
370 395 -55
371 395 -2
371 396 -96
372 396 -86
372 397 -60
373 397 55
373 398 90
374 398 -83
374 399 28
375 399 33
375 400 26
376 400 86
376 401 -88
377 402 40
378 402 81
378 403 61
379 403 -82
379 404 90
380 404 -34
380 405 -92
381 405 -23
381 406 30
382 406 82
382 407 -100
383 407 -55
383 408 89
384 408 -45
384 409 54
385 409 97
385 410 73
386 410 -80
386 411 51
387 411 -69
387 412 32
388 412 -73
388 413 42
389 413 39
389 414 -54
390 414 12
390 415 55
391 415 37
391 416 -34
392 416 -63
392 417 -48
393 417 14
393 418 -28
394 418 -37
394 419 14
395 419 72
395 420 62
396 420 55
396 421 44
397 421 95
397 422 -46
398 422 77
398 423 -77
399 423 4
399 424 -80
400 424 44
400 425 -26
401 425 -58
401 426 -7
402 427 -95
403 427 -97
403 428 0
404 428 -91
404 429 -14
405 429 40
405 430 -12
406 430 28
406 431 -10
407 431 -66
407 432 -51
408 432 9
408 433 -84
409 433 31
409 434 41
410 434 -40
410 435 -90
411 435 -46
411 436 14
412 436 -26
412 437 3
413 437 94
413 438 98
414 438 -35
414 439 6
415 439 83
415 440 93
416 440 -90
416 441 -79
417 441 -57
417 442 63
418 442 -1
418 443 -10
419 443 -64
419 444 -44
420 444 -80
420 445 -72
421 445 -56
421 446 -94
422 446 -19
422 447 36
423 447 -27
423 448 26
424 448 -87
424 449 38
425 449 16
425 450 28
426 450 76
426 451 -38
427 452 61
428 452 12
428 453 -83
429 453 -78
429 454 31
430 454 88
430 455 71
431 455 -39
431 456 -14
432 456 20
432 457 -28
433 457 80
433 458 86
434 458 -63
434 459 -6
435 459 -94
435 460 -2
436 460 -69
436 461 -91
437 461 71
437 462 11
438 462 -15
438 463 88
439 463 43
439 464 -34
440 464 6
440 465 -6
441 465 41
441 466 45
442 466 44
442 467 -77
443 467 -80
443 468 50
444 468 55
444 469 -11
445 469 88
445 470 73
446 470 58
446 471 70
447 471 34
447 472 8
448 472 -79
448 473 -9
449 473 16
449 474 17
450 474 53
450 475 88
451 475 -16
451 476 -18
452 477 -59
453 477 -56
453 478 19
454 478 -59
454 479 97
455 479 25
455 480 -55
456 480 92
456 481 -54
457 481 42
457 482 -47
458 482 6
458 483 -37
459 483 4
459 484 15
460 484 -88
460 485 -32
461 485 -83
461 486 -76
462 486 -48
462 487 -53
463 487 -74
463 488 -59
464 488 85
464 489 74
465 489 -9
465 490 88
466 490 19
466 491 -25
467 491 -1
467 492 -53
468 492 91
468 493 27
469 493 -71
469 494 90
470 494 9
470 495 26
471 495 45
471 496 -87
472 496 62
472 497 57
473 497 44
473 498 7
474 498 76
474 499 -100
475 499 -1
475 500 -98
476 500 -83
476 501 -61
477 502 -3
478 502 -42
478 503 13
479 503 4
479 504 -14
480 504 -25
480 505 -72
481 505 55
481 506 36
482 506 -44
482 507 -40
483 507 -75
483 508 30
484 508 13
484 509 13
485 509 56
485 510 -70
486 510 -79
486 511 -84
487 511 -28
487 512 -50
488 512 -75
488 513 35
489 513 99
489 514 49
490 514 22
490 515 -56
491 515 -21
491 516 -22
492 516 74
492 517 -71
493 517 -55
493 518 22
494 518 57
494 519 -41
495 519 83
495 520 36
496 520 76
496 521 96
497 521 -59
497 522 -95
498 522 70
498 523 -70
499 523 -66
499 524 89
500 524 -87
500 525 -35
501 525 -74
501 526 53
502 527 -74
503 527 65
503 528 7
504 528 86
504 529 -30
505 529 20
505 530 65
506 530 -60
506 531 -26
507 531 3
507 532 35
508 532 71
508 533 -9
509 533 -17
509 534 -31
510 534 -20
510 535 55
511 535 70
511 536 91
512 536 33
512 537 -85
513 537 -82
513 538 -64
514 538 51
514 539 46
515 539 -19
515 540 -22
516 540 -45
516 541 60
517 541 66
517 542 -14
518 542 73
518 543 100
519 543 57
519 544 -65
520 544 27
520 545 -94
521 545 -5
521 546 -74
522 546 24
522 547 96
523 547 13
523 548 36
524 548 -95
524 549 89
525 549 -75
525 550 31
526 550 49
526 551 73
527 552 12
528 552 37
528 553 -32
529 553 43
529 554 -89
530 554 20
530 555 -87
531 555 58
531 556 -27
532 556 -25
532 557 -85
533 557 94
533 558 59
534 558 -85
534 559 -8
535 559 71
535 560 -45
536 560 -100
536 561 93
537 561 43
537 562 57
538 562 -31
538 563 -73
539 563 51
539 564 -67
540 564 15
540 565 62
541 565 -13
541 566 94
542 566 -99
542 567 -70
543 567 -8
543 568 85
544 568 -100
544 569 69
545 569 -59
545 570 -31
546 570 84
546 571 -41
547 571 99
547 572 -81
548 572 44
548 573 -64
549 573 24
549 574 29
550 574 57
550 575 82
551 575 -15
551 576 23
552 577 -19
553 577 -90
553 578 25
554 578 93
554 579 54
555 579 36
555 580 -43
556 580 -91
556 581 59
557 581 72
557 582 -24
558 582 -92
558 583 60
559 583 -28
559 584 11
560 584 -64
560 585 -1
561 585 -52
561 586 -50
562 586 68
562 587 78
563 587 13
563 588 7
564 588 -62
564 589 88
565 589 49
565 590 -1
566 590 50
566 591 92
567 591 -2
567 592 38
568 592 77
568 593 -38
569 593 -70
569 594 -90
570 594 -39
570 595 -38
571 595 66
571 596 62
572 596 -92
572 597 -24
573 597 0
573 598 15
574 598 36
574 599 11
575 599 3
575 600 -11
576 600 -20
576 601 26
577 602 37
578 602 100
578 603 15
579 603 -83
579 604 22
580 604 -50
580 605 -39
581 605 -100
581 606 -9
582 606 22
582 607 4
583 607 -61
583 608 -14
584 608 45
584 609 -41
585 609 -51
585 610 38
586 610 61
586 611 85
587 611 45
587 612 -48
588 612 -33
588 613 91
589 613 15
589 614 32
590 614 57
590 615 -89
591 615 99
591 616 96
592 616 65
592 617 68
593 617 82
593 618 23
594 618 -72
594 619 -53
595 619 89
595 620 97
596 620 75
596 621 -100
597 621 -78
597 622 56
598 622 -94
598 623 -100
599 623 -99
599 624 4
600 624 -94
600 625 81
601 625 94
601 626 -100
602 627 99
603 627 61
603 628 -74
604 628 58
604 629 96
605 629 86
605 630 -78
606 630 80
606 631 -52
607 631 57
607 632 19
608 632 62
608 633 -26
609 633 10
609 634 84
610 634 -88
610 635 42
611 635 -29
611 636 14
612 636 29
612 637 99
613 637 -88
613 638 36
614 638 23
614 639 85
615 639 14
615 640 -36
616 640 -60
616 641 -100
617 641 73
617 642 30
618 642 -13
618 643 -81
619 643 -38
619 644 -84
620 644 -34
620 645 -39
621 645 -30
621 646 19
622 646 -97
622 647 28
623 647 84
623 648 -12
624 648 -82
624 649 22
625 649 56
625 650 -6
626 650 -80
626 651 78
627 652 90
628 652 -58
628 653 -46
629 653 94
629 654 -36
630 654 -96
630 655 -23
631 655 -94
631 656 -35
632 656 4
632 657 43
633 657 52
633 658 93
634 658 -55
634 659 61
635 659 -33
635 660 -77
636 660 53
636 661 1
637 661 -84
637 662 -18
638 662 -15
638 663 -99
639 663 -9
639 664 1
640 664 30
640 665 73
641 665 20
641 666 -42
642 666 34
642 667 91
643 667 0
643 668 49
644 668 -88
644 669 -64
645 669 83
645 670 95
646 670 -91
646 671 1
647 671 -89
647 672 -6
648 672 -78
648 673 45
649 673 54
649 674 49
650 674 8
650 675 -96
651 675 -94
651 676 4
652 677 78
653 677 -88
653 678 55
654 678 -93
654 679 20
655 679 -89
655 680 -51
656 680 95
656 681 35
657 681 89
657 682 3
658 682 78
658 683 57
659 683 74
659 684 -94
660 684 -22
660 685 -37
661 685 14
661 686 88
662 686 47
662 687 1
663 687 -85
663 688 -8
664 688 57
664 689 4
665 689 58
665 690 65
666 690 87
666 691 -40
667 691 54
667 692 62
668 692 69
668 693 -9
669 693 -15
669 694 -57
670 694 -78
670 695 -39
671 695 -74
671 696 65
672 696 -14
672 697 -58
673 697 86
673 698 -7
674 698 19
674 699 20
675 699 -65
675 700 71
676 700 -20
676 701 27
677 702 74
678 702 40
678 703 -66
679 703 -54
679 704 -80
680 704 95
680 705 7
681 705 26
681 706 -72
682 706 21
682 707 -9
683 707 -42
683 708 64
684 708 -44
684 709 89
685 709 98
685 710 -20
686 710 57
686 711 -67
687 711 19
687 712 -91
688 712 35
688 713 52
689 713 -87
689 714 9
690 714 54
690 715 -69
691 715 -97
691 716 -15
692 716 89
692 717 -79
693 717 -68
693 718 -80
694 718 -30
694 719 -90
695 719 82
695 720 -93
696 720 -27
696 721 26
697 721 -13
697 722 -21
698 722 36
698 723 -4
699 723 -36
699 724 -41
700 724 -9
700 725 66
701 725 -94
701 726 -80
702 727 -42
703 727 73
703 728 5
704 728 -15
704 729 -81
705 729 -36
705 730 27
706 730 -95
706 731 92
707 731 50
707 732 -43
708 732 66
708 733 53
709 733 -52
709 734 -22
710 734 36
710 735 -19
711 735 -30
711 736 -41
712 736 -48
712 737 47
713 737 32
713 738 -95
714 738 -95
714 739 7
715 739 89
715 740 -89
716 740 5
716 741 90
717 741 -33
717 742 -98
718 742 98
718 743 39
719 743 15
719 744 100
720 744 -71
720 745 17
721 745 93
721 746 83
722 746 -81
722 747 27
723 747 -6
723 748 -97
724 748 32
724 749 -26
725 749 -65
725 750 -67
726 750 -22
726 751 25
727 752 -9
728 752 -7
728 753 71
729 753 10
729 754 -15
730 754 -41
730 755 29
731 755 16
731 756 -35
732 756 33
732 757 -6
733 757 2
733 758 -46
734 758 89
734 759 -6
735 759 68
735 760 -65
736 760 56
736 761 -6
737 761 44
737 762 -16
738 762 -68
738 763 28
739 763 47
739 764 34
740 764 44
740 765 73
741 765 6
741 766 -92
742 766 89
742 767 77
743 767 -74
743 768 -97
744 768 26
744 769 -52
745 769 -1
745 770 12
746 770 79
746 771 47
747 771 41
747 772 -25
748 772 -53
748 773 -93
749 773 -99
749 774 6
750 774 60
750 775 44
751 775 -62
751 776 -54
752 777 54
753 777 80
753 778 22
754 778 -58
754 779 95
755 779 86
755 780 -44
756 780 8
756 781 -21
757 781 -92
757 782 -40
758 782 -78
758 783 -98
759 783 71
759 784 36
760 784 -96
760 785 -22
761 785 -34
761 786 45
762 786 12
762 787 -26
763 787 27
763 788 -96
764 788 -74
764 789 55
765 789 51
765 790 63
766 790 90
766 791 88
767 791 -84
767 792 -64
768 792 58
768 793 -82
769 793 -33
769 794 -70
770 794 4
770 795 91
771 795 100
771 796 -12
772 796 16
772 797 62
773 797 39
773 798 -87
774 798 -83
774 799 -44
775 799 -12
775 800 -89
776 800 -50
776 801 -2
777 802 -52
778 802 50
778 803 62
779 803 94
779 804 -18
780 804 100
780 805 -22
781 805 -4
781 806 16
782 806 34
782 807 -25
783 807 88
783 808 18
784 808 70
784 809 -83
785 809 69
785 810 -83
786 810 5
786 811 -4
787 811 4
787 812 21
788 812 -30
788 813 -38
789 813 1
789 814 20
790 814 -67
790 815 45
791 815 -52
791 816 52
792 816 74
792 817 50
793 817 -22
793 818 -59
794 818 23
794 819 -35
795 819 -20
795 820 -94
796 820 17
796 821 79
797 821 -47
797 822 22
798 822 -14
798 823 90
799 823 -33
799 824 27
800 824 -50
800 825 -54
801 825 21
801 826 -49
802 827 17
803 827 52
803 828 15
804 828 4
804 829 -15
805 829 -50
805 830 90
806 830 53
806 831 41
807 831 -1
807 832 -89
808 832 43
808 833 -48
809 833 -72
809 834 -29
810 834 68
810 835 37
811 835 34
811 836 -59
812 836 54
812 837 -2
813 837 63
813 838 -42
814 838 99
814 839 -89
815 839 -49
815 840 -22
816 840 56
816 841 -6
817 841 99
817 842 -14
818 842 4
818 843 -34
819 843 47
819 844 19
820 844 -17
820 845 93
821 845 -37
821 846 -25
822 846 48
822 847 -44
823 847 -34
823 848 99
824 848 95
824 849 -12
825 849 -26
825 850 -99
826 850 -48
826 851 -82
827 852 62
828 852 -77
828 853 -81
829 853 13
829 854 -72
830 854 88
830 855 57
831 855 -24
831 856 -85
832 856 73
832 857 68
833 857 64
833 858 -15
834 858 -79
834 859 51
835 859 -18
835 860 73
836 860 -80
836 861 -30
837 861 -92
837 862 -60
838 862 4
838 863 19
839 863 -98
839 864 -39
840 864 80
840 865 -95
841 865 -88
841 866 -36
842 866 1
842 867 -72
843 867 -75
843 868 -96
844 868 -48
844 869 97
845 869 -87
845 870 -78
846 870 -30
846 871 88
847 871 -87
847 872 -22
848 872 47
848 873 9
849 873 20
849 874 9
850 874 -63
850 875 68
851 875 80
851 876 -93
852 877 10
853 877 -14
853 878 -35
854 878 -5
854 879 76
855 879 -19
855 880 78
856 880 -61
856 881 -3
857 881 -18
857 882 -39
858 882 -59
858 883 38
859 883 -42
859 884 -69
860 884 -98
860 885 -68
861 885 -77
861 886 -31
862 886 -94
862 887 -12
863 887 -23
863 888 41
864 888 -52
864 889 -22
865 889 -84
865 890 37
866 890 -79
866 891 58
867 891 96
867 892 61
868 892 -69
868 893 -88
869 893 35
869 894 -86
870 894 -12
870 895 26
871 895 -13
871 896 -76
872 896 96
872 897 8
873 897 -23
873 898 49
874 898 -12
874 899 -30
875 899 5
875 900 73
876 900 22
876 901 -55
877 902 42
878 902 -97
878 903 6
879 903 -71
879 904 -3
880 904 -72
880 905 84
881 905 -2
881 906 -16
882 906 -13
882 907 -74
883 907 -94
883 908 -99
884 908 24
884 909 55
885 909 -2
885 910 3
886 910 -46
886 911 12
887 911 -76
887 912 -33
888 912 -17
888 913 -63
889 913 -27
889 914 61
890 914 100
890 915 99
891 915 45
891 916 -84
892 916 68
892 917 -89
893 917 -58
893 918 20
894 918 -2
894 919 -32
895 919 -82
895 920 -55
896 920 76
896 921 -42
897 921 -59
897 922 53
898 922 61
898 923 -89
899 923 -46
899 924 -94
900 924 40
900 925 -78
901 925 89
901 926 80
902 927 7
903 927 -18
903 928 -93
904 928 -24
904 929 64
905 929 -18
905 930 34
906 930 78
906 931 83
907 931 74
907 932 -79
908 932 8
908 933 -20
909 933 -71
909 934 7
910 934 -3
910 935 94
911 935 -43
911 936 71
912 936 68
912 937 88
913 937 -14
913 938 51
914 938 -89
914 939 -59
915 939 -26
915 940 46
916 940 -8
916 941 -98
917 941 96
917 942 29
918 942 -28
918 943 -6
919 943 76
919 944 3
920 944 -17
920 945 100
921 945 75
921 946 47
922 946 -2
922 947 86
923 947 -20
923 948 5
924 948 25
924 949 -43
925 949 -67
925 950 77
926 950 1
926 951 -65
927 952 -42
928 952 59
928 953 -44
929 953 84
929 954 -79
930 954 97
930 955 -78
931 955 -28
931 956 -20
932 956 48
932 957 -50
933 957 -2
933 958 -38
934 958 15
934 959 -59
935 959 71
935 960 95
936 960 -16
936 961 98
937 961 -31
937 962 -76
938 962 93
938 963 -7
939 963 97
939 964 73
940 964 -18
940 965 -19
941 965 -31
941 966 15
942 966 -31
942 967 38
943 967 -76
943 968 21
944 968 80
944 969 76
945 969 98
945 970 -62
946 970 44
946 971 -12
947 971 -41
947 972 32
948 972 -43
948 973 85
949 973 -81
949 974 49
950 974 -38
950 975 35
951 975 29
951 976 -57
952 977 96
953 977 74
953 978 -33
954 978 46
954 979 -92
955 979 -30
955 980 79
956 980 46
956 981 99
957 981 36
957 982 92
958 982 -35
958 983 52
959 983 31
959 984 -63
960 984 -58
960 985 72
961 985 -65
961 986 -3
962 986 -18
962 987 18
963 987 -22
963 988 -20
964 988 16
964 989 -14
965 989 -78
965 990 70
966 990 22
966 991 83
967 991 -58
967 992 96
968 992 -19
968 993 -65
969 993 -89
969 994 -18
970 994 -72
970 995 76
971 995 -15
971 996 -98
972 996 11
972 997 -93
973 997 -60
973 998 -63
974 998 67
974 999 72
975 999 -41
975 1000 -46
976 1000 17
976 1001 -53
977 1002 -21
978 1002 51
978 1003 -15
979 1003 -20
979 1004 5
980 1004 -65
980 1005 53
981 1005 -71
981 1006 -91
982 1006 -60
982 1007 -95
983 1007 -48
983 1008 -79
984 1008 -71
984 1009 -63
985 1009 -97
985 1010 -70
986 1010 10
986 1011 84
987 1011 88
987 1012 97
988 1012 -8
988 1013 69
989 1013 47
989 1014 64
990 1014 11
990 1015 -47
991 1015 -4
991 1016 21
992 1016 87
992 1017 -83
993 1017 68
993 1018 -39
994 1018 95
994 1019 82
995 1019 -21
995 1020 42
996 1020 77
996 1021 53
997 1021 3
997 1022 35
998 1022 80
998 1023 -18
999 1023 93
999 1024 -56
1000 1024 55
1000 1025 32
1001 1025 -11
1001 1026 -90
1002 1027 -63
1003 1027 -60
1003 1028 44
1004 1028 -99
1004 1029 -94
1005 1029 -35
1005 1030 -72
1006 1030 -57
1006 1031 1
1007 1031 59
1007 1032 31
1008 1032 52
1008 1033 21
1009 1033 -86
1009 1034 39
1010 1034 58
1010 1035 -81
1011 1035 64
1011 1036 76
1012 1036 -96
1012 1037 -98
1013 1037 -12
1013 1038 -21
1014 1038 -11
1014 1039 78
1015 1039 78
1015 1040 34
1016 1040 25
1016 1041 -56
1017 1041 -96
1017 1042 -3
1018 1042 66
1018 1043 -46
1019 1043 13
1019 1044 34
1020 1044 -41
1020 1045 21
1021 1045 70
1021 1046 59
1022 1046 82
1022 1047 55
1023 1047 6
1023 1048 -99
1024 1048 0
1024 1049 86
1025 1049 14
1025 1050 18
1026 1050 -26
1026 1051 53
1027 1052 27
1028 1052 -68
1028 1053 -12
1029 1053 -30
1029 1054 -71
1030 1054 -29
1030 1055 8
1031 1055 98
1031 1056 100
1032 1056 75
1032 1057 1
1033 1057 -42
1033 1058 1
1034 1058 -23
1034 1059 55
1035 1059 -43
1035 1060 -16
1036 1060 -16
1036 1061 -3
1037 1061 44
1037 1062 33
1038 1062 94
1038 1063 28
1039 1063 37
1039 1064 84
1040 1064 3
1040 1065 -64
1041 1065 21
1041 1066 24
1042 1066 10
1042 1067 -92
1043 1067 6
1043 1068 66
1044 1068 83
1044 1069 -54
1045 1069 -14
1045 1070 -37
1046 1070 38
1046 1071 12
1047 1071 62
1047 1072 -81
1048 1072 -73
1048 1073 59
1049 1073 81
1049 1074 91
1050 1074 -25
1050 1075 22
1051 1075 62
1051 1076 -93
1052 1077 -26
1053 1077 93
1053 1078 -80
1054 1078 -65
1054 1079 72
1055 1079 -84
1055 1080 1
1056 1080 70
1056 1081 -27
1057 1081 -52
1057 1082 24
1058 1082 37
1058 1083 82
1059 1083 -50
1059 1084 14
1060 1084 93
1060 1085 -29
1061 1085 -33
1061 1086 -94
1062 1086 -79
1062 1087 9
1063 1087 -7
1063 1088 15
1064 1088 -65
1064 1089 -94
1065 1089 80
1065 1090 -39
1066 1090 3
1066 1091 -96
1067 1091 -28
1067 1092 -46
1068 1092 -61
1068 1093 28
1069 1093 -69
1069 1094 5
1070 1094 4
1070 1095 58
1071 1095 -16
1071 1096 -38
1072 1096 -84
1072 1097 92
1073 1097 26
1073 1098 -79
1074 1098 33
1074 1099 59
1075 1099 20
1075 1100 6
1076 1100 39
1076 1101 66
1077 1102 -43
1078 1102 -98
1078 1103 -73
1079 1103 -13
1079 1104 -81
1080 1104 92
1080 1105 17
1081 1105 68
1081 1106 24
1082 1106 11
1082 1107 90
1083 1107 61
1083 1108 -78
1084 1108 25
1084 1109 -3
1085 1109 39
1085 1110 -46
1086 1110 73
1086 1111 -30
1087 1111 39
1087 1112 86
1088 1112 -89
1088 1113 10
1089 1113 98
1089 1114 -69
1090 1114 -83
1090 1115 74
1091 1115 -39
1091 1116 54
1092 1116 81
1092 1117 67
1093 1117 26
1093 1118 -97
1094 1118 0
1094 1119 -96
1095 1119 -41
1095 1120 -48
1096 1120 64
1096 1121 -21
1097 1121 -79
1097 1122 40
1098 1122 -2
1098 1123 69
1099 1123 -25
1099 1124 11
1100 1124 -30
1100 1125 -69
1101 1125 78
1101 1126 73
1102 1127 61
1103 1127 84
1103 1128 -42
1104 1128 85
1104 1129 -78
1105 1129 -11
1105 1130 -51
1106 1130 75
1106 1131 -24
1107 1131 10
1107 1132 -48
1108 1132 -9
1108 1133 88
1109 1133 54
1109 1134 -36
1110 1134 16
1110 1135 -85
1111 1135 -70
1111 1136 50
1112 1136 62
1112 1137 -48
1113 1137 77
1113 1138 20
1114 1138 -17
1114 1139 39
1115 1139 -53
1115 1140 48
1116 1140 4
1116 1141 -93
1117 1141 -33
1117 1142 95
1118 1142 72
1118 1143 -57
1119 1143 -100
1119 1144 -5
1120 1144 -49
1120 1145 -26
1121 1145 -54
1121 1146 -79
1122 1146 7
1122 1147 -91
1123 1147 5
1123 1148 98
1124 1148 -27
1124 1149 -94
1125 1149 34
1125 1150 91
1126 1150 -44
1126 1151 -62
1127 1152 39
1128 1152 -51
1128 1153 -75
1129 1153 -68
1129 1154 84
1130 1154 -83
1130 1155 -60
1131 1155 12
1131 1156 31
1132 1156 -64
1132 1157 1
1133 1157 58
1133 1158 -70
1134 1158 14
1134 1159 -25
1135 1159 86
1135 1160 50
1136 1160 39
1136 1161 -16
1137 1161 -10
1137 1162 83
1138 1162 -11
1138 1163 69
1139 1163 16
1139 1164 84
1140 1164 -16
1140 1165 -56
1141 1165 68
1141 1166 -23
1142 1166 -2
1142 1167 -52
1143 1167 -61
1143 1168 -93
1144 1168 31
1144 1169 -88
1145 1169 53
1145 1170 65
1146 1170 -74
1146 1171 -90
1147 1171 49
1147 1172 1
1148 1172 -61
1148 1173 96
1149 1173 71
1149 1174 9
1150 1174 -82
1150 1175 59
1151 1175 -49
1151 1176 75
1152 1177 42
1153 1177 48
1153 1178 23
1154 1178 -6
1154 1179 83
1155 1179 -9
1155 1180 -64
1156 1180 5
1156 1181 16
1157 1181 -83
1157 1182 46
1158 1182 -66
1158 1183 -93
1159 1183 -26
1159 1184 -2
1160 1184 42
1160 1185 -42
1161 1185 92
1161 1186 40
1162 1186 -58
1162 1187 16
1163 1187 -75
1163 1188 80
1164 1188 11
1164 1189 81
1165 1189 31
1165 1190 -28
1166 1190 60
1166 1191 22
1167 1191 90
1167 1192 55
1168 1192 5
1168 1193 -44
1169 1193 4
1169 1194 9
1170 1194 30
1170 1195 -72
1171 1195 34
1171 1196 89
1172 1196 31
1172 1197 84
1173 1197 -53
1173 1198 47
1174 1198 -80
1174 1199 70
1175 1199 63
1175 1200 88
1176 1200 46
1176 1201 -17
1177 1202 -90
1178 1202 100
1178 1203 21
1179 1203 18
1179 1204 36
1180 1204 7
1180 1205 -33
1181 1205 77
1181 1206 13
1182 1206 58
1182 1207 -18
1183 1207 13
1183 1208 89
1184 1208 28
1184 1209 -75
1185 1209 -23
1185 1210 -64
1186 1210 -61
1186 1211 -74
1187 1211 94
1187 1212 -12
1188 1212 -31
1188 1213 40
1189 1213 -40
1189 1214 -54
1190 1214 -10
1190 1215 -97
1191 1215 6
1191 1216 97
1192 1216 15
1192 1217 73
1193 1217 -5
1193 1218 25
1194 1218 14
1194 1219 36
1195 1219 -79
1195 1220 20
1196 1220 -36
1196 1221 -22
1197 1221 -46
1197 1222 -96
1198 1222 14
1198 1223 -38
1199 1223 20
1199 1224 -80
1200 1224 -11
1200 1225 14
1201 1225 -5
1201 1226 -71
1202 1227 90
1203 1227 84
1203 1228 -86
1204 1228 -43
1204 1229 32
1205 1229 -21
1205 1230 63
1206 1230 99
1206 1231 36
1207 1231 -100
1207 1232 -44
1208 1232 2
1208 1233 8
1209 1233 -98
1209 1234 55
1210 1234 -59
1210 1235 -11
1211 1235 -20
1211 1236 -17
1212 1236 54
1212 1237 -86
1213 1237 -86
1213 1238 -61
1214 1238 -63
1214 1239 16
1215 1239 90
1215 1240 -40
1216 1240 -22
1216 1241 74
1217 1241 35
1217 1242 43
1218 1242 -16
1218 1243 18
1219 1243 -57
1219 1244 79
1220 1244 80
1220 1245 -8
1221 1245 41
1221 1246 -11
1222 1246 -46
1222 1247 72
1223 1247 52
1223 1248 14
1224 1248 -33
1224 1249 5
1225 1249 40
1225 1250 -51
1226 1250 48
1226 1251 -77
1227 1252 -56
1228 1252 -35
1228 1253 79
1229 1253 68
1229 1254 11
1230 1254 -67
1230 1255 -98
1231 1255 47
1231 1256 85
1232 1256 -26
1232 1257 83
1233 1257 90
1233 1258 40
1234 1258 21
1234 1259 96
1235 1259 -26
1235 1260 -18
1236 1260 -8
1236 1261 24
1237 1261 96
1237 1262 45
1238 1262 82
1238 1263 -23
1239 1263 98
1239 1264 -35
1240 1264 87
1240 1265 -40
1241 1265 15
1241 1266 15
1242 1266 84
1242 1267 -69
1243 1267 -11
1243 1268 4
1244 1268 -19
1244 1269 -53
1245 1269 25
1245 1270 23
1246 1270 -65
1246 1271 64
1247 1271 77
1247 1272 52
1248 1272 66
1248 1273 -79
1249 1273 -85
1249 1274 -92
1250 1274 15
1250 1275 83
1251 1275 88
1251 1276 29
1252 1277 -89
1253 1277 64
1253 1278 57
1254 1278 -36
1254 1279 -71
1255 1279 -40
1255 1280 26
1256 1280 -67
1256 1281 -43
1257 1281 81
1257 1282 -90
1258 1282 3
1258 1283 44
1259 1283 38
1259 1284 7
1260 1284 77
1260 1285 -56
1261 1285 -64
1261 1286 -16
1262 1286 53
1262 1287 25
1263 1287 -53
1263 1288 -33
1264 1288 47
1264 1289 -14
1265 1289 53
1265 1290 -50
1266 1290 45
1266 1291 -78
1267 1291 -9
1267 1292 46
1268 1292 -39
1268 1293 79
1269 1293 99
1269 1294 -98
1270 1294 73
1270 1295 4
1271 1295 -24
1271 1296 93
1272 1296 -56
1272 1297 20
1273 1297 18
1273 1298 -45
1274 1298 -49
1274 1299 -77
1275 1299 71
1275 1300 -95
1276 1300 -65
1276 1301 76
1277 1302 -61
1278 1302 -64
1278 1303 -56
1279 1303 -2
1279 1304 -5
1280 1304 42
1280 1305 -6
1281 1305 -57
1281 1306 -30
1282 1306 -100
1282 1307 -44
1283 1307 91
1283 1308 -78
1284 1308 -81
1284 1309 -45
1285 1309 -17
1285 1310 -85
1286 1310 -12
1286 1311 -48
1287 1311 -53
1287 1312 7
1288 1312 13
1288 1313 55
1289 1313 65
1289 1314 54
1290 1314 -84
1290 1315 -1
1291 1315 38
1291 1316 -5
1292 1316 -56
1292 1317 -97
1293 1317 29
1293 1318 -41
1294 1318 1
1294 1319 -79
1295 1319 94
1295 1320 -72
1296 1320 17
1296 1321 74
1297 1321 -24
1297 1322 88
1298 1322 -26
1298 1323 -67
1299 1323 -29
1299 1324 -27
1300 1324 43
1300 1325 -13
1301 1325 -88
1301 1326 -31
1302 1327 -6
1303 1327 57
1303 1328 57
1304 1328 92
1304 1329 -15
1305 1329 -50
1305 1330 -49
1306 1330 -41
1306 1331 -23
1307 1331 1
1307 1332 -5
1308 1332 80
1308 1333 63
1309 1333 85
1309 1334 73
1310 1334 45
1310 1335 -14
1311 1335 13
1311 1336 37
1312 1336 68
1312 1337 96
1313 1337 -86
1313 1338 99
1314 1338 -47
1314 1339 79
1315 1339 14
1315 1340 41
1316 1340 0
1316 1341 -38
1317 1341 55
1317 1342 69
1318 1342 -100
1318 1343 -13
1319 1343 -56
1319 1344 -87
1320 1344 -69
1320 1345 42
1321 1345 49
1321 1346 -62
1322 1346 -92
1322 1347 -75
1323 1347 -57
1323 1348 74
1324 1348 -15
1324 1349 87
1325 1349 13
1325 1350 -2
1326 1350 16
1326 1351 -91
1327 1352 -33
1328 1352 -27
1328 1353 -2
1329 1353 -16
1329 1354 78
1330 1354 -32
1330 1355 -94
1331 1355 81
1331 1356 -45
1332 1356 20
1332 1357 57
1333 1357 -33
1333 1358 0
1334 1358 82
1334 1359 22
1335 1359 -58
1335 1360 -77
1336 1360 -44
1336 1361 -83
1337 1361 47
1337 1362 -15
1338 1362 72
1338 1363 -2
1339 1363 -85
1339 1364 43
1340 1364 -88
1340 1365 -4
1341 1365 90
1341 1366 -25
1342 1366 -11
1342 1367 59
1343 1367 74
1343 1368 -72
1344 1368 -2
1344 1369 22
1345 1369 41
1345 1370 -79
1346 1370 -7
1346 1371 -46
1347 1371 -98
1347 1372 31
1348 1372 -86
1348 1373 -5
1349 1373 -26
1349 1374 -82
1350 1374 -90
1350 1375 -22
1351 1375 -91
1351 1376 -98
1352 1377 -18
1353 1377 82
1353 1378 -73
1354 1378 43
1354 1379 4
1355 1379 94
1355 1380 -71
1356 1380 87
1356 1381 6
1357 1381 71
1357 1382 41
1358 1382 -31
1358 1383 53
1359 1383 -48
1359 1384 5
1360 1384 -67
1360 1385 -17
1361 1385 69
1361 1386 55
1362 1386 -54
1362 1387 -25
1363 1387 -59
1363 1388 -59
1364 1388 -27
1364 1389 -95
1365 1389 -96
1365 1390 66
1366 1390 80
1366 1391 -24
1367 1391 -98
1367 1392 55
1368 1392 -52
1368 1393 71
1369 1393 39
1369 1394 72
1370 1394 6
1370 1395 95
1371 1395 70
1371 1396 -19
1372 1396 -45
1372 1397 5
1373 1397 -67
1373 1398 90
1374 1398 68
1374 1399 92
1375 1399 -35
1375 1400 -57
1376 1400 13
1376 1401 49
1377 1402 -75
1378 1402 -52
1378 1403 20
1379 1403 -18
1379 1404 51
1380 1404 78
1380 1405 48
1381 1405 55
1381 1406 -92
1382 1406 69
1382 1407 -79
1383 1407 1
1383 1408 69
1384 1408 -59
1384 1409 90
1385 1409 -20
1385 1410 -39
1386 1410 -31
1386 1411 21
1387 1411 48
1387 1412 -34
1388 1412 -69
1388 1413 -56
1389 1413 -43
1389 1414 -90
1390 1414 67
1390 1415 22
1391 1415 -63
1391 1416 -4
1392 1416 -63
1392 1417 41
1393 1417 5
1393 1418 72
1394 1418 54
1394 1419 12
1395 1419 26
1395 1420 51
1396 1420 -80
1396 1421 2
1397 1421 4
1397 1422 63
1398 1422 18
1398 1423 21
1399 1423 16
1399 1424 -80
1400 1424 22
1400 1425 -73
1401 1425 93
1401 1426 -13
1402 1427 98
1403 1427 -90
1403 1428 -48
1404 1428 -7
1404 1429 -25
1405 1429 39
1405 1430 -85
1406 1430 83
1406 1431 18
1407 1431 -67
1407 1432 23
1408 1432 16
1408 1433 13
1409 1433 95
1409 1434 -38
1410 1434 57
1410 1435 -7
1411 1435 55
1411 1436 66
1412 1436 57
1412 1437 58
1413 1437 -36
1413 1438 -77
1414 1438 -15
1414 1439 42
1415 1439 80
1415 1440 100
1416 1440 -99
1416 1441 -17
1417 1441 51
1417 1442 9
1418 1442 4
1418 1443 -76
1419 1443 -43
1419 1444 9
1420 1444 -82
1420 1445 72
1421 1445 22
1421 1446 86
1422 1446 21
1422 1447 -22
1423 1447 -48
1423 1448 -19
1424 1448 -42
1424 1449 -80
1425 1449 -13
1425 1450 -71
1426 1450 82
1426 1451 64
1427 1452 -94
1428 1452 48
1428 1453 -30
1429 1453 -62
1429 1454 -81
1430 1454 32
1430 1455 -33
1431 1455 -85
1431 1456 84
1432 1456 88
1432 1457 -52
1433 1457 32
1433 1458 -90
1434 1458 -67
1434 1459 -3
1435 1459 -37
1435 1460 68
1436 1460 -19
1436 1461 44
1437 1461 -3
1437 1462 -21
1438 1462 52
1438 1463 36
1439 1463 -55
1439 1464 100
1440 1464 44
1440 1465 -4
1441 1465 51
1441 1466 55
1442 1466 58
1442 1467 -41
1443 1467 37
1443 1468 79
1444 1468 -14
1444 1469 92
1445 1469 40
1445 1470 85
1446 1470 55
1446 1471 19
1447 1471 -6
1447 1472 51
1448 1472 74
1448 1473 -32
1449 1473 29
1449 1474 7
1450 1474 -28
1450 1475 -20
1451 1475 -94
1451 1476 43
1452 1477 -92
1453 1477 -53
1453 1478 -3
1454 1478 68
1454 1479 23
1455 1479 16
1455 1480 56
1456 1480 -5
1456 1481 11
1457 1481 -36
1457 1482 -52
1458 1482 8
1458 1483 19
1459 1483 -12
1459 1484 29
1460 1484 -10
1460 1485 -23
1461 1485 0
1461 1486 48
1462 1486 79
1462 1487 -78
1463 1487 -57
1463 1488 46
1464 1488 -44
1464 1489 -57
1465 1489 14
1465 1490 -99
1466 1490 -2
1466 1491 29
1467 1491 -59
1467 1492 38
1468 1492 77
1468 1493 13
1469 1493 45
1469 1494 -10
1470 1494 14
1470 1495 -84
1471 1495 60
1471 1496 19
1472 1496 21
1472 1497 -14
1473 1497 -94
1473 1498 -9
1474 1498 27
1474 1499 -41
1475 1499 -97
1475 1500 -10
1476 1500 25
1476 1501 84
1477 1502 -50
1478 1502 12
1478 1503 -50
1479 1503 -51
1479 1504 61
1480 1504 -54
1480 1505 -97
1481 1505 43
1481 1506 -57
1482 1506 -2
1482 1507 24
1483 1507 -91
1483 1508 -17
1484 1508 52
1484 1509 6
1485 1509 10
1485 1510 -76
1486 1510 84
1486 1511 -65
1487 1511 -34
1487 1512 97
1488 1512 12
1488 1513 8
1489 1513 51
1489 1514 -46
1490 1514 49
1490 1515 -49
1491 1515 -40
1491 1516 -6
1492 1516 -80
1492 1517 100
1493 1517 -74
1493 1518 -94
1494 1518 -74
1494 1519 17
1495 1519 -38
1495 1520 73
1496 1520 -1
1496 1521 25
1497 1521 27
1497 1522 -80
1498 1522 33
1498 1523 75
1499 1523 -68
1499 1524 -21
1500 1524 -88
1500 1525 -96
1501 1525 -60
1501 1526 18
1502 1527 78
1503 1527 30
1503 1528 -56
1504 1528 -53
1504 1529 -73
1505 1529 -18
1505 1530 -8
1506 1530 -97
1506 1531 -12
1507 1531 34
1507 1532 -84
1508 1532 88
1508 1533 -67
1509 1533 68
1509 1534 30
1510 1534 1
1510 1535 -67
1511 1535 -90
1511 1536 4
1512 1536 -22
1512 1537 49
1513 1537 93
1513 1538 7
1514 1538 73
1514 1539 -3
1515 1539 2
1515 1540 -36
1516 1540 82
1516 1541 -47
1517 1541 -70
1517 1542 -5
1518 1542 94
1518 1543 -81
1519 1543 -58
1519 1544 -15
1520 1544 -74
1520 1545 -55
1521 1545 -73
1521 1546 -95
1522 1546 -36
1522 1547 -22
1523 1547 -39
1523 1548 45
1524 1548 -90
1524 1549 46
1525 1549 -4
1525 1550 -66
1526 1550 28
1526 1551 30
1527 1552 26
1528 1552 -26
1528 1553 -31
1529 1553 66
1529 1554 -70
1530 1554 -3
1530 1555 95
1531 1555 -14
1531 1556 56
1532 1556 24
1532 1557 69
1533 1557 -6
1533 1558 -67
1534 1558 -56
1534 1559 64
1535 1559 55
1535 1560 -32
1536 1560 72
1536 1561 96
1537 1561 -73
1537 1562 -17
1538 1562 -43
1538 1563 -100
1539 1563 92
1539 1564 19
1540 1564 -70
1540 1565 1
1541 1565 45
1541 1566 -14
1542 1566 80
1542 1567 73
1543 1567 -37
1543 1568 -93
1544 1568 -60
1544 1569 81
1545 1569 28
1545 1570 -66
1546 1570 -25
1546 1571 17
1547 1571 -29
1547 1572 -53
1548 1572 68
1548 1573 18
1549 1573 51
1549 1574 86
1550 1574 -4
1550 1575 47
1551 1575 -3
1551 1576 34
1552 1577 -87
1553 1577 45
1553 1578 45
1554 1578 42
1554 1579 82
1555 1579 -42
1555 1580 -97
1556 1580 -92
1556 1581 96
1557 1581 -69
1557 1582 80
1558 1582 32
1558 1583 -11
1559 1583 32
1559 1584 -11
1560 1584 78
1560 1585 -55
1561 1585 -30
1561 1586 -48
1562 1586 84
1562 1587 -49
1563 1587 55
1563 1588 -6
1564 1588 68
1564 1589 -25
1565 1589 82
1565 1590 21
1566 1590 11
1566 1591 78
1567 1591 -60
1567 1592 -83
1568 1592 98
1568 1593 -74
1569 1593 11
1569 1594 -49
1570 1594 -68
1570 1595 -72
1571 1595 99
1571 1596 42
1572 1596 -22
1572 1597 -12
1573 1597 11
1573 1598 -73
1574 1598 43
1574 1599 74
1575 1599 -40
1575 1600 18
1576 1600 -63
1576 1601 -8
1577 1602 -11
1578 1602 38
1578 1603 -6
1579 1603 14
1579 1604 82
1580 1604 26
1580 1605 -33
1581 1605 -83
1581 1606 -50
1582 1606 -79
1582 1607 -77
1583 1607 -26
1583 1608 -34
1584 1608 -32
1584 1609 -32
1585 1609 -35
1585 1610 85
1586 1610 23
1586 1611 16
1587 1611 70
1587 1612 -27
1588 1612 32
1588 1613 -82
1589 1613 -38
1589 1614 52
1590 1614 -69
1590 1615 -45
1591 1615 61
1591 1616 42
1592 1616 35
1592 1617 -67
1593 1617 -87
1593 1618 25
1594 1618 65
1594 1619 -84
1595 1619 43
1595 1620 42
1596 1620 82
1596 1621 77
1597 1621 91
1597 1622 20
1598 1622 -53
1598 1623 98
1599 1623 -95
1599 1624 18
1600 1624 2
1600 1625 50
1601 1625 -45
1601 1626 3
1602 1627 75
1603 1627 44
1603 1628 60
1604 1628 -57
1604 1629 -58
1605 1629 16
1605 1630 79
1606 1630 55
1606 1631 59
1607 1631 15
1607 1632 -18
1608 1632 -93
1608 1633 -32
1609 1633 96
1609 1634 99
1610 1634 -63
1610 1635 -67
1611 1635 55
1611 1636 24
1612 1636 80
1612 1637 -55
1613 1637 0
1613 1638 -45
1614 1638 85
1614 1639 -56
1615 1639 45
1615 1640 59
1616 1640 -24
1616 1641 -89
1617 1641 -36
1617 1642 100
1618 1642 10
1618 1643 37
1619 1643 -92
1619 1644 -78
1620 1644 46
1620 1645 -11
1621 1645 -96
1621 1646 55
1622 1646 50
1622 1647 98
1623 1647 -92
1623 1648 20
1624 1648 -26
1624 1649 85
1625 1649 -70
1625 1650 100
1626 1650 -90
1626 1651 -5
1627 1652 -71
1628 1652 -31
1628 1653 5
1629 1653 64
1629 1654 78
1630 1654 -37
1630 1655 71
1631 1655 8
1631 1656 -42
1632 1656 61
1632 1657 100
1633 1657 -40
1633 1658 -65
1634 1658 -69
1634 1659 67
1635 1659 73
1635 1660 -3
1636 1660 94
1636 1661 1
1637 1661 99
1637 1662 10
1638 1662 13
1638 1663 80
1639 1663 79
1639 1664 -100
1640 1664 45
1640 1665 -26
1641 1665 -11
1641 1666 91
1642 1666 43
1642 1667 4
1643 1667 -67
1643 1668 -47
1644 1668 52
1644 1669 4
1645 1669 -94
1645 1670 -58
1646 1670 64
1646 1671 -31
1647 1671 -98
1647 1672 -60
1648 1672 52
1648 1673 37
1649 1673 17
1649 1674 -45
1650 1674 -89
1650 1675 35
1651 1675 -35
1651 1676 -27
1652 1677 65
1653 1677 94
1653 1678 -91
1654 1678 12
1654 1679 23
1655 1679 100
1655 1680 -2
1656 1680 -48
1656 1681 49
1657 1681 -35
1657 1682 -19
1658 1682 -47
1658 1683 54
1659 1683 7
1659 1684 28
1660 1684 80
1660 1685 27
1661 1685 -72
1661 1686 78
1662 1686 -81
1662 1687 94
1663 1687 23
1663 1688 87
1664 1688 87
1664 1689 36
1665 1689 -4
1665 1690 39
1666 1690 -78
1666 1691 57
1667 1691 96
1667 1692 6
1668 1692 -75
1668 1693 53
1669 1693 -90
1669 1694 36
1670 1694 24
1670 1695 2
1671 1695 81
1671 1696 -61
1672 1696 51
1672 1697 1
1673 1697 -51
1673 1698 50
1674 1698 -9
1674 1699 -95
1675 1699 -2
1675 1700 63
1676 1700 43
1676 1701 68
1677 1702 -45
1678 1702 38
1678 1703 72
1679 1703 -47
1679 1704 -14
1680 1704 67
1680 1705 -32
1681 1705 64
1681 1706 -49
1682 1706 -67
1682 1707 100
1683 1707 1
1683 1708 -67
1684 1708 -77
1684 1709 -48
1685 1709 45
1685 1710 56
1686 1710 -47
1686 1711 -40
1687 1711 -90
1687 1712 -7
1688 1712 -27
1688 1713 -76
1689 1713 14
1689 1714 90
1690 1714 7
1690 1715 -12
1691 1715 55
1691 1716 -66
1692 1716 -5
1692 1717 -95
1693 1717 38
1693 1718 36
1694 1718 -79
1694 1719 3
1695 1719 -50
1695 1720 -50
1696 1720 -58
1696 1721 -1
1697 1721 -38
1697 1722 -49
1698 1722 -46
1698 1723 -45
1699 1723 82
1699 1724 -90
1700 1724 -91
1700 1725 69
1701 1725 -51
1701 1726 4
1702 1727 43
1703 1727 56
1703 1728 -65
1704 1728 67
1704 1729 8
1705 1729 -89
1705 1730 -32
1706 1730 -98
1706 1731 -99
1707 1731 42
1707 1732 31
1708 1732 74
1708 1733 75
1709 1733 52
1709 1734 -30
1710 1734 70
1710 1735 82
1711 1735 70
1711 1736 -5
1712 1736 -2
1712 1737 -13
1713 1737 62
1713 1738 84
1714 1738 46
1714 1739 40
1715 1739 -28
1715 1740 -38
1716 1740 -36
1716 1741 87
1717 1741 23
1717 1742 33
1718 1742 -50
1718 1743 51
1719 1743 -18
1719 1744 -53
1720 1744 -38
1720 1745 -53
1721 1745 -86
1721 1746 46
1722 1746 -39
1722 1747 30
1723 1747 -54
1723 1748 41
1724 1748 98
1724 1749 72
1725 1749 51
1725 1750 -8
1726 1750 47
1726 1751 86
1727 1752 -92
1728 1752 35
1728 1753 43
1729 1753 -12
1729 1754 -44
1730 1754 38
1730 1755 -49
1731 1755 -16
1731 1756 -38
1732 1756 -74
1732 1757 82
1733 1757 -45
1733 1758 -38
1734 1758 43
1734 1759 -43
1735 1759 -34
1735 1760 87
1736 1760 73
1736 1761 -59
1737 1761 -62
1737 1762 4
1738 1762 11
1738 1763 48
1739 1763 24
1739 1764 -99
1740 1764 54
1740 1765 50
1741 1765 -43
1741 1766 -35
1742 1766 92
1742 1767 30
1743 1767 66
1743 1768 -70
1744 1768 62
1744 1769 -83
1745 1769 56
1745 1770 37
1746 1770 96
1746 1771 -44
1747 1771 18
1747 1772 58
1748 1772 35
1748 1773 42
1749 1773 44
1749 1774 -94
1750 1774 -7
1750 1775 44
1751 1775 73
1751 1776 40
1752 1777 9
1753 1777 -50
1753 1778 52
1754 1778 90
1754 1779 48
1755 1779 89
1755 1780 24
1756 1780 93
1756 1781 85
1757 1781 13
1757 1782 71
1758 1782 -88
1758 1783 -62
1759 1783 70
1759 1784 96
1760 1784 -37
1760 1785 -97
1761 1785 55
1761 1786 77
1762 1786 42
1762 1787 88
1763 1787 43
1763 1788 52
1764 1788 19
1764 1789 75
1765 1789 5
1765 1790 -42
1766 1790 15
1766 1791 -93
1767 1791 -13
1767 1792 -87
1768 1792 39
1768 1793 98
1769 1793 -40
1769 1794 91
1770 1794 26
1770 1795 -93
1771 1795 29
1771 1796 -41
1772 1796 2
1772 1797 54
1773 1797 27
1773 1798 -16
1774 1798 47
1774 1799 78
1775 1799 89
1775 1800 36
1776 1800 55
1776 1801 -98
1777 1802 76
1778 1802 33
1778 1803 79
1779 1803 -87
1779 1804 36
1780 1804 -95
1780 1805 -96
1781 1805 47
1781 1806 77
1782 1806 43
1782 1807 -1
1783 1807 65
1783 1808 -64
1784 1808 -58
1784 1809 -54
1785 1809 -82
1785 1810 82
1786 1810 -13
1786 1811 100
1787 1811 -84
1787 1812 21
1788 1812 -45
1788 1813 61
1789 1813 -84
1789 1814 98
1790 1814 94
1790 1815 -53
1791 1815 -82
1791 1816 86
1792 1816 44
1792 1817 86
1793 1817 -81
1793 1818 -27
1794 1818 62
1794 1819 -32
1795 1819 -43
1795 1820 63
1796 1820 -83
1796 1821 -16
1797 1821 72
1797 1822 68
1798 1822 -28
1798 1823 94
1799 1823 -38
1799 1824 -67
1800 1824 5
1800 1825 -12
1801 1825 -63
1801 1826 -41
1802 1827 62
1803 1827 -74
1803 1828 -90
1804 1828 -42
1804 1829 37
1805 1829 -66
1805 1830 9
1806 1830 68
1806 1831 6
1807 1831 100
1807 1832 35
1808 1832 25
1808 1833 -66
1809 1833 -50
1809 1834 39
1810 1834 -4
1810 1835 100
1811 1835 -25
1811 1836 -50
1812 1836 -57
1812 1837 73
1813 1837 -8
1813 1838 50
1814 1838 -62
1814 1839 99
1815 1839 85
1815 1840 52
1816 1840 -47
1816 1841 35
1817 1841 -89
1817 1842 -24
1818 1842 61
1818 1843 3
1819 1843 91
1819 1844 -92
1820 1844 66
1820 1845 -32
1821 1845 14
1821 1846 48
1822 1846 4
1822 1847 -37
1823 1847 43
1823 1848 -69
1824 1848 -13
1824 1849 -4
1825 1849 -58
1825 1850 -41
1826 1850 94
1826 1851 -57
1827 1852 -49
1828 1852 -21
1828 1853 -85
1829 1853 19
1829 1854 68
1830 1854 -96
1830 1855 83
1831 1855 -84
1831 1856 -41
1832 1856 -21
1832 1857 33
1833 1857 48
1833 1858 -41
1834 1858 77
1834 1859 -40
1835 1859 -69
1835 1860 -81
1836 1860 53
1836 1861 -74
1837 1861 -10
1837 1862 22
1838 1862 24
1838 1863 -18
1839 1863 -47
1839 1864 -37
1840 1864 41
1840 1865 20
1841 1865 -17
1841 1866 44
1842 1866 24
1842 1867 31
1843 1867 22
1843 1868 -49
1844 1868 -22
1844 1869 -80
1845 1869 11
1845 1870 53
1846 1870 63
1846 1871 -2
1847 1871 -2
1847 1872 17
1848 1872 -70
1848 1873 63
1849 1873 -9
1849 1874 -83
1850 1874 57
1850 1875 -86
1851 1875 60
1851 1876 48
1852 1877 1
1853 1877 -74
1853 1878 -23
1854 1878 -90
1854 1879 -15
1855 1879 -14
1855 1880 19
1856 1880 -69
1856 1881 77
1857 1881 39
1857 1882 -73
1858 1882 -43
1858 1883 -86
1859 1883 57
1859 1884 58
1860 1884 -56
1860 1885 -15
1861 1885 8
1861 1886 -22
1862 1886 31
1862 1887 -74
1863 1887 -67
1863 1888 -38
1864 1888 -1
1864 1889 87
1865 1889 72
1865 1890 94
1866 1890 82
1866 1891 -62
1867 1891 24
1867 1892 94
1868 1892 -82
1868 1893 -19
1869 1893 50
1869 1894 -45
1870 1894 -96
1870 1895 -15
1871 1895 -49
1871 1896 -96
1872 1896 63
1872 1897 16
1873 1897 94
1873 1898 59
1874 1898 -54
1874 1899 -71
1875 1899 75
1875 1900 -97
1876 1900 59
1876 1901 22
1877 1902 70
1878 1902 43
1878 1903 -81
1879 1903 10
1879 1904 27
1880 1904 6
1880 1905 -25
1881 1905 14
1881 1906 -46
1882 1906 -20
1882 1907 -79
1883 1907 -35
1883 1908 -57
1884 1908 -63
1884 1909 -26
1885 1909 53
1885 1910 53
1886 1910 -89
1886 1911 -61
1887 1911 5
1887 1912 43
1888 1912 -18
1888 1913 -89
1889 1913 -87
1889 1914 -73
1890 1914 48
1890 1915 -44
1891 1915 -2
1891 1916 93
1892 1916 50
1892 1917 -82
1893 1917 -41
1893 1918 72
1894 1918 30
1894 1919 100
1895 1919 46
1895 1920 33
1896 1920 76
1896 1921 -92
1897 1921 68
1897 1922 -39
1898 1922 -34
1898 1923 10
1899 1923 57
1899 1924 -36
1900 1924 19
1900 1925 20
1901 1925 -37
1901 1926 4
1902 1927 -7
1903 1927 -40
1903 1928 -48
1904 1928 46
1904 1929 -78
1905 1929 25
1905 1930 -23
1906 1930 -2
1906 1931 -30
1907 1931 -78
1907 1932 70
1908 1932 -76
1908 1933 80
1909 1933 90
1909 1934 73
1910 1934 24
1910 1935 -29
1911 1935 -41
1911 1936 -44
1912 1936 -81
1912 1937 -66
1913 1937 -35
1913 1938 61
1914 1938 59
1914 1939 56
1915 1939 -65
1915 1940 69
1916 1940 -90
1916 1941 79
1917 1941 -50
1917 1942 35
1918 1942 -62
1918 1943 28
1919 1943 -85
1919 1944 -11
1920 1944 12
1920 1945 -41
1921 1945 -30
1921 1946 -73
1922 1946 -89
1922 1947 40
1923 1947 28
1923 1948 58
1924 1948 7
1924 1949 -24
1925 1949 82
1925 1950 17
1926 1950 31
1926 1951 -8
1927 1952 42
1928 1952 30
1928 1953 -12
1929 1953 31
1929 1954 -75
1930 1954 -73
1930 1955 -11
1931 1955 9
1931 1956 30
1932 1956 -10
1932 1957 3
1933 1957 -95
1933 1958 -58
1934 1958 18
1934 1959 94
1935 1959 51
1935 1960 -74
1936 1960 67
1936 1961 -11
1937 1961 -95
1937 1962 -76
1938 1962 -8
1938 1963 -15
1939 1963 5
1939 1964 -7
1940 1964 35
1940 1965 88
1941 1965 -92
1941 1966 64
1942 1966 0
1942 1967 -42
1943 1967 23
1943 1968 -42
1944 1968 35
1944 1969 -72
1945 1969 1
1945 1970 -13
1946 1970 -37
1946 1971 56
1947 1971 -15
1947 1972 1
1948 1972 -25
1948 1973 73
1949 1973 61
1949 1974 -86
1950 1974 -46
1950 1975 11
1951 1975 -61
1951 1976 65
1952 1977 80
1953 1977 89
1953 1978 75
1954 1978 8
1954 1979 -62
1955 1979 -97
1955 1980 21
1956 1980 0
1956 1981 44
1957 1981 37
1957 1982 45
1958 1982 -88
1958 1983 3
1959 1983 -25
1959 1984 -40
1960 1984 -26
1960 1985 -2
1961 1985 85
1961 1986 85
1962 1986 84
1962 1987 81
1963 1987 -3
1963 1988 39
1964 1988 73
1964 1989 71
1965 1989 90
1965 1990 55
1966 1990 -77
1966 1991 -54
1967 1991 -11
1967 1992 -89
1968 1992 -81
1968 1993 98
1969 1993 16
1969 1994 -74
1970 1994 -6
1970 1995 35
1971 1995 -72
1971 1996 -85
1972 1996 -78
1972 1997 29
1973 1997 -10
1973 1998 67
1974 1998 3
1974 1999 70
1975 1999 -48
1975 2000 63
1976 2000 -82
1976 2001 -16
1977 2002 -91
1978 2002 6
1978 2003 6
1979 2003 -75
1979 2004 -68
1980 2004 -56
1980 2005 -39
1981 2005 85
1981 2006 34
1982 2006 40
1982 2007 -51
1983 2007 62
1983 2008 -67
1984 2008 -100
1984 2009 -50
1985 2009 -92
1985 2010 -53
1986 2010 -25
1986 2011 63
1987 2011 68
1987 2012 14
1988 2012 96
1988 2013 -27
1989 2013 34
1989 2014 -13
1990 2014 -39
1990 2015 79
1991 2015 -99
1991 2016 61
1992 2016 3
1992 2017 39
1993 2017 -29
1993 2018 12
1994 2018 -57
1994 2019 -63
1995 2019 78
1995 2020 -12
1996 2020 22
1996 2021 91
1997 2021 70
1997 2022 45
1998 2022 35
1998 2023 -32
1999 2023 48
1999 2024 61
2000 2024 71
2000 2025 -46
2001 2025 75
2001 2026 -17
2002 2027 -21
2003 2027 24
2003 2028 -41
2004 2028 -87
2004 2029 -55
2005 2029 9
2005 2030 26
2006 2030 76
2006 2031 -100
2007 2031 -85
2007 2032 -67
2008 2032 49
2008 2033 -76
2009 2033 -23
2009 2034 23
2010 2034 52
2010 2035 63
2011 2035 -91
2011 2036 67
2012 2036 -38
2012 2037 -70
2013 2037 1
2013 2038 2
2014 2038 43
2014 2039 60
2015 2039 96
2015 2040 -55
2016 2040 45
2016 2041 62
2017 2041 74
2017 2042 -43
2018 2042 56
2018 2043 86
2019 2043 -86
2019 2044 36
2020 2044 46
2020 2045 -93
2021 2045 -34
2021 2046 75
2022 2046 93
2022 2047 71
2023 2047 85
2023 2048 -84
2024 2048 15
2024 2049 30
2025 2049 -21
2025 2050 -62
2026 2050 100
2026 2051 -18
2027 2052 48
2028 2052 33
2028 2053 96
2029 2053 90
2029 2054 66
2030 2054 96
2030 2055 56
2031 2055 -76
2031 2056 -14
2032 2056 -99
2032 2057 83
2033 2057 26
2033 2058 -89
2034 2058 -5
2034 2059 -43
2035 2059 62
2035 2060 62
2036 2060 42
2036 2061 -76
2037 2061 54
2037 2062 -8
2038 2062 5
2038 2063 2
2039 2063 16
2039 2064 81
2040 2064 -13
2040 2065 -86
2041 2065 99
2041 2066 -72
2042 2066 -32
2042 2067 1
2043 2067 -48
2043 2068 0
2044 2068 90
2044 2069 17
2045 2069 29
2045 2070 -49
2046 2070 54
2046 2071 -15
2047 2071 -85
2047 2072 -51
2048 2072 -52
2048 2073 -52
2049 2073 28
2049 2074 -84
2050 2074 -97
2050 2075 -32
2051 2075 44
2051 2076 8
2052 2077 70
2053 2077 -40
2053 2078 51
2054 2078 -56
2054 2079 45
2055 2079 -72
2055 2080 52
2056 2080 68
2056 2081 58
2057 2081 -31
2057 2082 -91
2058 2082 52
2058 2083 14
2059 2083 87
2059 2084 -64
2060 2084 8
2060 2085 57
2061 2085 -25
2061 2086 88
2062 2086 0
2062 2087 -62
2063 2087 91
2063 2088 -60
2064 2088 -35
2064 2089 -82
2065 2089 29
2065 2090 94
2066 2090 -77
2066 2091 -32
2067 2091 22
2067 2092 -81
2068 2092 -28
2068 2093 -23
2069 2093 36
2069 2094 -40
2070 2094 4
2070 2095 -55
2071 2095 -92
2071 2096 77
2072 2096 30
2072 2097 -41
2073 2097 -54
2073 2098 5
2074 2098 -31
2074 2099 -80
2075 2099 -20
2075 2100 70
2076 2100 95
2076 2101 20
2077 2102 75
2078 2102 -58
2078 2103 -37
2079 2103 -47
2079 2104 -10
2080 2104 31
2080 2105 -12
2081 2105 73
2081 2106 51
2082 2106 -26
2082 2107 37
2083 2107 35
2083 2108 -75
2084 2108 86
2084 2109 -95
2085 2109 27
2085 2110 -93
2086 2110 -48
2086 2111 60
2087 2111 38
2087 2112 -24
2088 2112 49
2088 2113 35
2089 2113 13
2089 2114 -92
2090 2114 -55
2090 2115 3
2091 2115 -55
2091 2116 19
2092 2116 81
2092 2117 -52
2093 2117 -68
2093 2118 -100
2094 2118 36
2094 2119 -2
2095 2119 -26
2095 2120 64
2096 2120 -58
2096 2121 3
2097 2121 -56
2097 2122 40
2098 2122 28
2098 2123 43
2099 2123 87
2099 2124 58
2100 2124 -26
2100 2125 86
2101 2125 39
2101 2126 -23
2102 2127 -35
2103 2127 45
2103 2128 89
2104 2128 -49
2104 2129 -57
2105 2129 -56
2105 2130 43
2106 2130 -99
2106 2131 9
2107 2131 73
2107 2132 13
2108 2132 -66
2108 2133 41
2109 2133 -59
2109 2134 -35
2110 2134 63
2110 2135 67
2111 2135 34
2111 2136 56
2112 2136 -40
2112 2137 -68
2113 2137 -39
2113 2138 72
2114 2138 -14
2114 2139 62
2115 2139 47
2115 2140 28
2116 2140 -71
2116 2141 3
2117 2141 -40
2117 2142 49
2118 2142 -42
2118 2143 4
2119 2143 37
2119 2144 -37
2120 2144 65
2120 2145 64
2121 2145 -51
2121 2146 -70
2122 2146 54
2122 2147 88
2123 2147 -1
2123 2148 82
2124 2148 82
2124 2149 28
2125 2149 -45
2125 2150 -91
2126 2150 -99
2126 2151 -54
2127 2152 24
2128 2152 51
2128 2153 -80
2129 2153 14
2129 2154 -5
2130 2154 -58
2130 2155 32
2131 2155 -27
2131 2156 17
2132 2156 -77
2132 2157 79
2133 2157 1
2133 2158 5
2134 2158 -82
2134 2159 -96
2135 2159 -10
2135 2160 -14
2136 2160 -12
2136 2161 -84
2137 2161 -11
2137 2162 -76
2138 2162 78
2138 2163 -72
2139 2163 -68
2139 2164 45
2140 2164 68
2140 2165 24
2141 2165 -45
2141 2166 64
2142 2166 94
2142 2167 -62
2143 2167 -69
2143 2168 -74
2144 2168 95
2144 2169 -24
2145 2169 -24
2145 2170 -82
2146 2170 -36
2146 2171 62
2147 2171 -72
2147 2172 91
2148 2172 48
2148 2173 -49
2149 2173 94
2149 2174 7
2150 2174 -9
2150 2175 50
2151 2175 -42
2151 2176 93
2152 2177 61
2153 2177 83
2153 2178 -65
2154 2178 63
2154 2179 -39
2155 2179 28
2155 2180 95
2156 2180 -93
2156 2181 49
2157 2181 39
2157 2182 44
2158 2182 -71
2158 2183 -46
2159 2183 -3
2159 2184 32
2160 2184 -95
2160 2185 -85
2161 2185 24
2161 2186 57
2162 2186 85
2162 2187 -46
2163 2187 61
2163 2188 -39
2164 2188 -20
2164 2189 -45
2165 2189 -53
2165 2190 -79
2166 2190 70
2166 2191 -7
2167 2191 -27
2167 2192 95
2168 2192 -75
2168 2193 -54
2169 2193 85
2169 2194 -31
2170 2194 -66
2170 2195 19
2171 2195 88
2171 2196 -65
2172 2196 47
2172 2197 72
2173 2197 -47
2173 2198 -28
2174 2198 -80
2174 2199 63
2175 2199 83
2175 2200 -89
2176 2200 -70
2176 2201 43
2177 2202 -100
2178 2202 19
2178 2203 -5
2179 2203 78
2179 2204 76
2180 2204 34
2180 2205 67
2181 2205 -92
2181 2206 10
2182 2206 -5
2182 2207 -98
2183 2207 77
2183 2208 32
2184 2208 11
2184 2209 39
2185 2209 -11
2185 2210 63
2186 2210 93
2186 2211 -64
2187 2211 63
2187 2212 42
2188 2212 -15
2188 2213 -89
2189 2213 -89
2189 2214 25
2190 2214 -56
2190 2215 -83
2191 2215 -82
2191 2216 -20
2192 2216 -42
2192 2217 -32
2193 2217 11
2193 2218 16
2194 2218 71
2194 2219 -63
2195 2219 45
2195 2220 62
2196 2220 -69
2196 2221 -23
2197 2221 -25
2197 2222 9
2198 2222 66
2198 2223 75
2199 2223 -99
2199 2224 -6
2200 2224 53
2200 2225 92
2201 2225 94
2201 2226 -64
2202 2227 81
2203 2227 -5
2203 2228 46
2204 2228 -2
2204 2229 32
2205 2229 -62
2205 2230 94
2206 2230 85
2206 2231 -11
2207 2231 -93
2207 2232 -83
2208 2232 -74
2208 2233 -50
2209 2233 16
2209 2234 69
2210 2234 6
2210 2235 70
2211 2235 8
2211 2236 -76
2212 2236 14
2212 2237 89
2213 2237 61
2213 2238 66
2214 2238 -84
2214 2239 -78
2215 2239 -85
2215 2240 30
2216 2240 -47
2216 2241 -66
2217 2241 -46
2217 2242 -95
2218 2242 29
2218 2243 87
2219 2243 -68
2219 2244 60
2220 2244 -95
2220 2245 71
2221 2245 -13
2221 2246 -67
2222 2246 -35
2222 2247 16
2223 2247 92
2223 2248 60
2224 2248 -81
2224 2249 77
2225 2249 1
2225 2250 -45
2226 2250 82
2226 2251 28
2227 2252 96
2228 2252 -14
2228 2253 -65
2229 2253 50
2229 2254 0
2230 2254 -16
2230 2255 -12
2231 2255 -74
2231 2256 -72
2232 2256 93
2232 2257 93
2233 2257 14
2233 2258 -72
2234 2258 90
2234 2259 70
2235 2259 -38
2235 2260 66
2236 2260 81
2236 2261 -68
2237 2261 -13
2237 2262 -29
2238 2262 -94
2238 2263 -47
2239 2263 24
2239 2264 -98
2240 2264 -30
2240 2265 82
2241 2265 1
2241 2266 -62
2242 2266 -12
2242 2267 98
2243 2267 -12
2243 2268 -37
2244 2268 49
2244 2269 94
2245 2269 -22
2245 2270 97
2246 2270 -74
2246 2271 -94
2247 2271 77
2247 2272 -28
2248 2272 -79
2248 2273 -96
2249 2273 22
2249 2274 -95
2250 2274 -61
2250 2275 -73
2251 2275 -33
2251 2276 6
2252 2277 -24
2253 2277 95
2253 2278 -48
2254 2278 -63
2254 2279 80
2255 2279 -40
2255 2280 -11
2256 2280 -48
2256 2281 -57
2257 2281 82
2257 2282 -86
2258 2282 72
2258 2283 -26
2259 2283 87
2259 2284 27
2260 2284 -70
2260 2285 91
2261 2285 -26
2261 2286 -53
2262 2286 -97
2262 2287 88
2263 2287 89
2263 2288 -33
2264 2288 54
2264 2289 -43
2265 2289 -53
2265 2290 -70
2266 2290 89
2266 2291 -83
2267 2291 -68
2267 2292 -33
2268 2292 -74
2268 2293 -78
2269 2293 62
2269 2294 64
2270 2294 -52
2270 2295 93
2271 2295 36
2271 2296 25
2272 2296 -9
2272 2297 46
2273 2297 -75
2273 2298 -35
2274 2298 -25
2274 2299 -86
2275 2299 31
2275 2300 58
2276 2300 -97
2276 2301 57
2277 2302 39
2278 2302 53
2278 2303 28
2279 2303 -42
2279 2304 50
2280 2304 -50
2280 2305 21
2281 2305 84
2281 2306 -9
2282 2306 100
2282 2307 -48
2283 2307 -42
2283 2308 -22
2284 2308 96
2284 2309 -63
2285 2309 22
2285 2310 12
2286 2310 -48
2286 2311 25
2287 2311 92
2287 2312 -4
2288 2312 -85
2288 2313 -98
2289 2313 -3
2289 2314 33
2290 2314 14
2290 2315 10
2291 2315 21
2291 2316 -87
2292 2316 -32
2292 2317 57
2293 2317 -66
2293 2318 74
2294 2318 -3
2294 2319 -30
2295 2319 -71
2295 2320 -48
2296 2320 7
2296 2321 42
2297 2321 37
2297 2322 -97
2298 2322 -32
2298 2323 57
2299 2323 12
2299 2324 -95
2300 2324 -36
2300 2325 52
2301 2325 -61
2301 2326 -65
2302 2327 -12
2303 2327 -57
2303 2328 -25
2304 2328 5
2304 2329 -60
2305 2329 -61
2305 2330 1
2306 2330 -21
2306 2331 -97
2307 2331 -32
2307 2332 85
2308 2332 -95
2308 2333 -76
2309 2333 -63
2309 2334 65
2310 2334 45
2310 2335 53
2311 2335 67
2311 2336 -40
2312 2336 92
2312 2337 -51
2313 2337 57
2313 2338 -43
2314 2338 -63
2314 2339 71
2315 2339 17
2315 2340 35
2316 2340 -77
2316 2341 -9
2317 2341 -28
2317 2342 40
2318 2342 31
2318 2343 -51
2319 2343 47
2319 2344 -35
2320 2344 -92
2320 2345 -14
2321 2345 -27
2321 2346 17
2322 2346 -58
2322 2347 -14
2323 2347 27
2323 2348 -37
2324 2348 -51
2324 2349 25
2325 2349 71
2325 2350 -8
2326 2350 61
2326 2351 83
2327 2352 -14
2328 2352 -78
2328 2353 74
2329 2353 45
2329 2354 28
2330 2354 31
2330 2355 -61
2331 2355 -98
2331 2356 -27
2332 2356 -53
2332 2357 -27
2333 2357 -77
2333 2358 33
2334 2358 -78
2334 2359 81
2335 2359 27
2335 2360 63
2336 2360 -93
2336 2361 51
2337 2361 -58
2337 2362 -51
2338 2362 27
2338 2363 9
2339 2363 24
2339 2364 34
2340 2364 88
2340 2365 8
2341 2365 0
2341 2366 -79
2342 2366 76
2342 2367 5
2343 2367 -86
2343 2368 -79
2344 2368 71
2344 2369 -13
2345 2369 24
2345 2370 -84
2346 2370 21
2346 2371 -85
2347 2371 33
2347 2372 -4
2348 2372 86
2348 2373 32
2349 2373 -89
2349 2374 6
2350 2374 32
2350 2375 65
2351 2375 -8
2351 2376 -55
2352 2377 -1
2353 2377 -16
2353 2378 14
2354 2378 -39
2354 2379 -52
2355 2379 35
2355 2380 1
2356 2380 41
2356 2381 43
2357 2381 -55
2357 2382 49
2358 2382 -63
2358 2383 -86
2359 2383 20
2359 2384 -64
2360 2384 -25
2360 2385 -47
2361 2385 -100
2361 2386 -45
2362 2386 -58
2362 2387 -51
2363 2387 -11
2363 2388 78
2364 2388 5
2364 2389 47
2365 2389 -58
2365 2390 15
2366 2390 12
2366 2391 -63
2367 2391 0
2367 2392 -58
2368 2392 56
2368 2393 -46
2369 2393 -26
2369 2394 -13
2370 2394 87
2370 2395 33
2371 2395 -85
2371 2396 -40
2372 2396 25
2372 2397 35
2373 2397 32
2373 2398 -78
2374 2398 -40
2374 2399 14
2375 2399 83
2375 2400 -9
2376 2400 -46
2376 2401 -62
2377 2402 56
2378 2402 96
2378 2403 39
2379 2403 -34
2379 2404 50
2380 2404 50
2380 2405 -19
2381 2405 -95
2381 2406 -26
2382 2406 -45
2382 2407 -52
2383 2407 23
2383 2408 -73
2384 2408 -61
2384 2409 -98
2385 2409 2
2385 2410 20
2386 2410 52
2386 2411 -27
2387 2411 -58
2387 2412 -77
2388 2412 -81
2388 2413 -81
2389 2413 -88
2389 2414 36
2390 2414 78
2390 2415 14
2391 2415 -41
2391 2416 32
2392 2416 57
2392 2417 5
2393 2417 -51
2393 2418 -47
2394 2418 -93
2394 2419 -21
2395 2419 18
2395 2420 31
2396 2420 93
2396 2421 -96
2397 2421 -36
2397 2422 -60
2398 2422 1
2398 2423 -21
2399 2423 54
2399 2424 -96
2400 2424 -39
2400 2425 11
2401 2425 4
2401 2426 96
2402 2427 61
2403 2427 -32
2403 2428 -91
2404 2428 75
2404 2429 -57
2405 2429 -58
2405 2430 18
2406 2430 2
2406 2431 -54
2407 2431 26
2407 2432 72
2408 2432 94
2408 2433 8
2409 2433 -40
2409 2434 13
2410 2434 -28
2410 2435 24
2411 2435 39
2411 2436 78
2412 2436 -10
2412 2437 -1
2413 2437 -57
2413 2438 45
2414 2438 72
2414 2439 -78
2415 2439 -99
2415 2440 -54
2416 2440 -25
2416 2441 74
2417 2441 -44
2417 2442 -97
2418 2442 -65
2418 2443 -40
2419 2443 -55
2419 2444 29
2420 2444 -65
2420 2445 98
2421 2445 -97
2421 2446 37
2422 2446 48
2422 2447 44
2423 2447 67
2423 2448 -35
2424 2448 -60
2424 2449 90
2425 2449 3
2425 2450 -79
2426 2450 -33
2426 2451 33
2427 2452 92
2428 2452 20
2428 2453 -29
2429 2453 -85
2429 2454 -89
2430 2454 -61
2430 2455 14
2431 2455 15
2431 2456 -31
2432 2456 20
2432 2457 -90
2433 2457 67
2433 2458 -33
2434 2458 74
2434 2459 -92
2435 2459 29
2435 2460 -41
2436 2460 -52
2436 2461 -97
2437 2461 27
2437 2462 78
2438 2462 -70
2438 2463 49
2439 2463 -6
2439 2464 76
2440 2464 77
2440 2465 -23
2441 2465 70
2441 2466 -89
2442 2466 54
2442 2467 53
2443 2467 39
2443 2468 -87
2444 2468 -18
2444 2469 -59
2445 2469 64
2445 2470 -20
2446 2470 -17
2446 2471 46
2447 2471 -41
2447 2472 91
2448 2472 7
2448 2473 -99
2449 2473 -75
2449 2474 -10
2450 2474 31
2450 2475 62
2451 2475 -59
2451 2476 21
2452 2477 -55
2453 2477 31
2453 2478 -92
2454 2478 84
2454 2479 -63
2455 2479 -10
2455 2480 14
2456 2480 -28
2456 2481 -52
2457 2481 -6
2457 2482 -35
2458 2482 -1
2458 2483 19
2459 2483 23
2459 2484 34
2460 2484 -1
2460 2485 3
2461 2485 -35
2461 2486 64
2462 2486 4
2462 2487 38
2463 2487 -3
2463 2488 -47
2464 2488 -21
2464 2489 -76
2465 2489 59
2465 2490 -21
2466 2490 33
2466 2491 -87
2467 2491 18
2467 2492 -80
2468 2492 51
2468 2493 -64
2469 2493 2
2469 2494 87
2470 2494 -66
2470 2495 -100
2471 2495 -66
2471 2496 -83
2472 2496 44
2472 2497 18
2473 2497 51
2473 2498 -52
2474 2498 62
2474 2499 -2
2475 2499 31
2475 2500 -56
2476 2500 -79
2476 2501 -18
2477 2502 -18
2478 2502 -13
2478 2503 -90
2479 2503 72
2479 2504 88
2480 2504 75
2480 2505 78
2481 2505 23
2481 2506 59
2482 2506 61
2482 2507 -59
2483 2507 -9
2483 2508 80
2484 2508 97
2484 2509 -66
2485 2509 62
2485 2510 50
2486 2510 83
2486 2511 28
2487 2511 85
2487 2512 3
2488 2512 68
2488 2513 -9
2489 2513 -41
2489 2514 -58
2490 2514 82
2490 2515 -64
2491 2515 -5
2491 2516 37
2492 2516 -28
2492 2517 51
2493 2517 17
2493 2518 -92
2494 2518 99
2494 2519 17
2495 2519 -34
2495 2520 4
2496 2520 -88
2496 2521 -18
2497 2521 -95
2497 2522 -82
2498 2522 70
2498 2523 -25
2499 2523 74
2499 2524 -79
2500 2524 71
2500 2525 62
2501 2525 88
2501 2526 -100
2502 2527 89
2503 2527 74
2504 2527 27
2505 2527 -91
2506 2527 53
2507 2527 56
2508 2527 -75
2509 2527 -43
2510 2527 -57
2511 2527 33
2512 2527 -9
2513 2527 98
2514 2527 -14
2515 2527 -20
2516 2527 -38
2517 2527 -8
2518 2527 73
2519 2527 81
2520 2527 7
2521 2527 63
2522 2527 71
2523 2527 -53
2524 2527 44
2525 2527 -79
2526 2527 -24
2 2
1 2 -1
2 1 -1
2 1
1 2 -1
2 2
1 2 -1
2 1 -1
2 2
1 2 -1
2 1 -1
