5
2 2
1 2 -1
2 1 -1
2 2
1 2 -1
2 1 -1
2 2
1 2 -1
2 1 -1
2527 4950
1 2 56
1 3 -39
1 4 -83
1 5 -38
1 6 57
1 7 -27
1 8 23
1 9 1
1 10 48
1 11 91
1 12 -7
1 13 -51
1 14 48
1 15 50
1 16 -76
1 17 18
1 18 22
1 19 99
1 20 50
1 21 45
1 22 7
1 23 100
1 24 -63
1 25 28
1 26 -22
2 27 -40
3 27 94
3 28 51
4 28 96
4 29 -71
5 29 -80
5 30 4
6 30 1
6 31 -78
7 31 99
7 32 -99
8 32 -96
8 33 61
9 33 -58
9 34 59
10 34 10
10 35 -70
11 35 -60
11 36 71
12 36 85
12 37 47
13 37 47
13 38 83
14 38 74
14 39 42
15 39 99
15 40 -74
16 40 -3
16 41 -4
17 41 -12
17 42 8
18 42 -32
18 43 12
19 43 -48
19 44 17
20 44 -9
20 45 -87
21 45 -53
21 46 -26
22 46 -49
22 47 56
23 47 42
23 48 -83
24 48 42
24 49 -27
25 49 -71
25 50 4
26 50 48
26 51 89
27 52 -24
28 52 -54
28 53 46
29 53 3
29 54 49
30 54 -93
30 55 -72
31 55 44
31 56 59
32 56 -94
32 57 -47
33 57 -43
33 58 33
34 58 94
34 59 -45
35 59 -68
35 60 84
36 60 -51
36 61 -74
37 61 61
37 62 -69
38 62 -16
38 63 1
39 63 -95
39 64 -54
40 64 -56
40 65 -74
41 65 -52
41 66 1
42 66 10
42 67 29
43 67 84
43 68 60
44 68 -15
44 69 20
45 69 -69
45 70 90
46 70 7
46 71 -60
47 71 -15
47 72 -94
48 72 13
48 73 58
49 73 88
49 74 -42
50 74 -1
50 75 -2
51 75 -36
51 76 -74
52 77 23
53 77 -70
53 78 56
54 78 33
54 79 30
55 79 -62
55 80 31
56 80 11
56 81 87
57 81 -73
57 82 -29
58 82 -36
58 83 33
59 83 -57
59 84 -49
60 84 -58
60 85 -46
61 85 -86
61 86 67
62 86 49
62 87 -20
63 87 73
63 88 45
64 88 -60
64 89 -46
65 89 64
65 90 -56
66 90 -86
66 91 -92
67 91 -84
67 92 82
68 92 42
68 93 -7
69 93 -73
69 94 -44
70 94 -51
70 95 21
71 95 51
71 96 -26
72 96 -65
72 97 8
73 97 92
73 98 95
74 98 -63
74 99 -36
75 99 67
75 100 13
76 100 97
76 101 -73
77 102 -90
78 102 58
78 103 42
79 103 -88
79 104 58
80 104 65
80 105 1
81 105 59
81 106 62
82 106 79
82 107 -75
83 107 -32
83 108 93
84 108 95
84 109 92
85 109 9
85 110 50
86 110 -47
86 111 53
87 111 81
87 112 -7
88 112 73
88 113 64
89 113 87
89 114 -37
90 114 97
90 115 53
91 115 26
91 116 -75
92 116 -87
92 117 -6
93 117 68
93 118 19
94 118 -36
94 119 -28
95 119 73
95 120 -71
96 120 -51
96 121 71
97 121 93
97 122 29
98 122 80
98 123 -82
99 123 -56
99 124 27
100 124 -85
100 125 -55
101 125 83
101 126 16
102 127 -32
103 127 -91
103 128 -26
104 128 -60
104 129 72
105 129 93
105 130 -21
106 130 -14
106 131 -100
107 131 -33
107 132 -33
108 132 -37
108 133 -25
109 133 74
109 134 36
110 134 -14
110 135 94
111 135 3
111 136 -76
112 136 42
112 137 -8
113 137 21
113 138 -38
114 138 -85
114 139 27
115 139 53
115 140 58
116 140 55
116 141 72
117 141 -50
117 142 -22
118 142 -63
118 143 -96
119 143 -65
119 144 -42
120 144 45
120 145 -24
121 145 -49
121 146 -23
122 146 -10
122 147 37
123 147 13
123 148 -74
124 148 -12
124 149 69
125 149 -27
125 150 -51
126 150 98
126 151 -37
127 152 30
128 152 -70
128 153 -24
129 153 -61
129 154 19
130 154 -57
130 155 -38
131 155 -47
131 156 82
132 156 -45
132 157 -30
133 157 79
133 158 51
134 158 -8
134 159 -58
135 159 66
135 160 78
136 160 -22
136 161 -15
137 161 -46
137 162 66
138 162 -55
138 163 -12
139 163 -99
139 164 48
140 164 -87
140 165 16
141 165 68
141 166 80
142 166 92
142 167 42
143 167 -38
143 168 59
144 168 -53
144 169 -56
145 169 99
145 170 -19
146 170 -73
146 171 -10
147 171 88
147 172 -54
148 172 -3
148 173 40
149 173 -24
149 174 55
150 174 26
150 175 -9
151 175 -94
151 176 7
152 177 4
153 177 -9
153 178 -65
154 178 6
154 179 -76
155 179 -8
155 180 -81
156 180 -83
156 181 93
157 181 -90
157 182 -82
158 182 -70
158 183 -41
159 183 4
159 184 20
160 184 80
160 185 -8
161 185 13
161 186 -94
162 186 96
162 187 -77
163 187 -68
163 188 37
164 188 9
164 189 -62
165 189 45
165 190 99
166 190 71
166 191 11
167 191 -84
167 192 92
168 192 30
168 193 25
169 193 -59
169 194 84
170 194 40
170 195 -53
171 195 -18
171 196 -55
172 196 47
172 197 69
173 197 -2
173 198 14
174 198 -19
174 199 100
175 199 54
175 200 62
176 200 -49
176 201 -33
177 202 -31
178 202 -92
178 203 35
179 203 95
179 204 12
180 204 -14
180 205 54
181 205 -19
181 206 32
182 206 12
182 207 98
183 207 28
183 208 92
184 208 -47
184 209 88
185 209 43
185 210 -12
186 210 -70
186 211 -54
187 211 -33
187 212 -86
188 212 -1
188 213 66
189 213 -19
189 214 94
190 214 31
190 215 35
191 215 -88
191 216 -95
192 216 9
192 217 -21
193 217 41
193 218 43
194 218 -58
194 219 70
195 219 -32
195 220 -36
196 220 -42
196 221 49
197 221 91
197 222 0
198 222 -51
198 223 58
199 223 21
199 224 97
200 224 -42
200 225 -91
201 225 -95
201 226 -80
202 227 -89
203 227 39
203 228 23
204 228 -51
204 229 3
205 229 -24
205 230 0
206 230 -28
206 231 49
207 231 -40
207 232 38
208 232 86
208 233 -25
209 233 -54
209 234 91
210 234 88
210 235 27
211 235 5
211 236 77
212 236 -56
212 237 -12
213 237 52
213 238 -99
214 238 33
214 239 -43
215 239 5
215 240 -56
216 240 -59
216 241 96
217 241 -99
217 242 -11
218 242 -8
218 243 -75
219 243 -30
219 244 50
220 244 -21
220 245 40
221 245 34
221 246 22
222 246 84
222 247 26
223 247 -89
223 248 -21
224 248 -3
224 249 86
225 249 -19
225 250 -83
226 250 41
226 251 -83
227 252 60
228 252 57
228 253 76
229 253 35
229 254 51
230 254 -96
230 255 -40
231 255 -35
231 256 -67
232 256 87
232 257 54
233 257 -47
233 258 6
234 258 -33
234 259 76
235 259 15
235 260 -8
236 260 -74
236 261 -47
237 261 44
237 262 -79
238 262 -100
238 263 23
239 263 11
239 264 -48
240 264 37
240 265 17
241 265 -73
241 266 12
242 266 -69
242 267 8
243 267 82
243 268 -79
244 268 63
244 269 36
245 269 25
245 270 -48
246 270 10
246 271 -1
247 271 -76
247 272 -90
248 272 -95
248 273 -6
249 273 -42
249 274 -44
250 274 -30
250 275 -93
251 275 85
251 276 7
252 277 40
253 277 -98
253 278 -39
254 278 84
254 279 -37
255 279 99
255 280 -74
256 280 2
256 281 -26
257 281 -47
257 282 17
258 282 96
258 283 -69
259 283 76
259 284 -26
260 284 -11
260 285 -71
261 285 -83
261 286 -8
262 286 -51
262 287 -46
263 287 -27
263 288 -68
264 288 60
264 289 6
265 289 -58
265 290 -92
266 290 60
266 291 79
267 291 77
267 292 13
268 292 100
268 293 22
269 293 -82
269 294 -87
270 294 56
270 295 34
271 295 21
271 296 -62
272 296 -87
272 297 9
273 297 84
273 298 25
274 298 -83
274 299 -10
275 299 -14
275 300 79
276 300 -16
276 301 72
277 302 62
278 302 58
278 303 21
279 303 -94
279 304 -21
280 304 -82
280 305 -47
281 305 25
281 306 -80
282 306 -10
282 307 7
283 307 91
283 308 41
284 308 -8
284 309 -57
285 309 -31
285 310 37
286 310 -40
286 311 -42
287 311 -65
287 312 31
288 312 72
288 313 -19
289 313 52
289 314 12
290 314 -36
290 315 -73
291 315 49
291 316 77
292 316 75
292 317 -73
293 317 -99
293 318 96
294 318 1
294 319 51
295 319 -28
295 320 -53
296 320 -64
296 321 -27
297 321 -98
297 322 -23
298 322 14
298 323 6
299 323 -69
299 324 -30
300 324 93
300 325 32
301 325 -41
301 326 73
302 327 -97
303 327 58
303 328 -7
304 328 -53
304 329 -63
305 329 60
305 330 -9
306 330 73
306 331 -36
307 331 42
307 332 -37
308 332 61
308 333 15
309 333 26
309 334 25
310 334 -13
310 335 -99
311 335 8
311 336 75
312 336 -10
312 337 -32
313 337 84
313 338 -72
314 338 54
314 339 -82
315 339 19
315 340 54
316 340 -84
316 341 -95
317 341 -76
317 342 37
318 342 40
318 343 -6
319 343 59
319 344 -51
320 344 98
320 345 53
321 345 -38
321 346 -88
322 346 46
322 347 16
323 347 -32
323 348 -52
324 348 -19
324 349 66
325 349 -14
325 350 -47
326 350 -42
326 351 33
327 352 10
328 352 -69
328 353 -63
329 353 -91
329 354 62
330 354 100
330 355 79
331 355 93
331 356 57
332 356 -82
332 357 17
333 357 -76
333 358 77
334 358 -13
334 359 -62
335 359 -99
335 360 -9
336 360 7
336 361 52
337 361 -41
337 362 -37
338 362 -46
338 363 -10
339 363 70
339 364 -9
340 364 -79
340 365 68
341 365 68
341 366 83
342 366 91
342 367 -73
343 367 26
343 368 -30
344 368 -81
344 369 -47
345 369 -14
345 370 22
346 370 -13
346 371 -15
347 371 92
347 372 -84
348 372 -100
348 373 -30
349 373 -34
349 374 82
350 374 96
350 375 -32
351 375 -33
351 376 89
352 377 35
353 377 -20
353 378 -3
354 378 -64
354 379 81
355 379 -46
355 380 0
356 380 25
356 381 89
357 381 -19
357 382 -82
358 382 41
358 383 -90
359 383 -58
359 384 -67
360 384 21
360 385 -30
361 385 27
361 386 -93
362 386 -31
362 387 -82
363 387 70
363 388 26
364 388 -51
364 389 -30
365 389 92
365 390 18
366 390 -2
366 391 80
367 391 29
367 392 13
368 392 94
368 393 23
369 393 -79
369 394 16
370 394 19
370 395 -23
371 395 -21
371 396 72
372 396 -30
372 397 -64
373 397 45
373 398 -15
374 398 33
374 399 -26
375 399 13
375 400 -7
376 400 6
376 401 -65
377 402 79
378 402 -92
378 403 31
379 403 -94
379 404 23
380 404 -40
380 405 22
381 405 94
381 406 66
382 406 71
382 407 84
383 407 92
383 408 -87
384 408 3
384 409 -73
385 409 -89
385 410 -90
386 410 -88
386 411 -6
387 411 37
387 412 -91
388 412 28
388 413 -34
389 413 -94
389 414 -47
390 414 -52
390 415 -39
391 415 98
391 416 61
392 416 49
392 417 -8
393 417 97
393 418 -68
394 418 28
394 419 -81
395 419 82
395 420 -33
396 420 19
396 421 11
397 421 -64
397 422 -36
398 422 10
398 423 -53
399 423 88
399 424 60
400 424 -45
400 425 5
401 425 -37
401 426 76
402 427 76
403 427 -98
403 428 -58
404 428 -33
404 429 -42
405 429 18
405 430 33
406 430 51
406 431 58
407 431 57
407 432 -54
408 432 49
408 433 96
409 433 36
409 434 -51
410 434 -39
410 435 45
411 435 -68
411 436 61
412 436 -26
412 437 -6
413 437 89
413 438 -23
414 438 -52
414 439 -55
415 439 -44
415 440 -66
416 440 -37
416 441 0
417 441 61
417 442 56
418 442 46
418 443 -40
419 443 -21
419 444 -87
420 444 -79
420 445 61
421 445 -69
421 446 -72
422 446 -97
422 447 -1
423 447 -82
423 448 71
424 448 90
424 449 -77
425 449 90
425 450 9
426 450 11
426 451 -32
427 452 -24
428 452 -85
428 453 98
429 453 81
429 454 -57
430 454 59
430 455 -20
431 455 54
431 456 -96
432 456 37
432 457 -15
433 457 -28
433 458 16
434 458 -60
434 459 19
435 459 55
435 460 75
436 460 31
436 461 42
437 461 67
437 462 -70
438 462 -71
438 463 32
439 463 -30
439 464 -41
440 464 -48
440 465 -70
441 465 37
441 466 19
442 466 16
442 467 67
443 467 -56
443 468 -15
444 468 -100
444 469 -83
445 469 78
445 470 -80
446 470 61
446 471 47
447 471 -22
447 472 64
448 472 10
448 473 -9
449 473 68
449 474 34
450 474 7
450 475 42
451 475 -92
451 476 -32
452 477 -98
453 477 -75
453 478 65
454 478 44
454 479 -19
455 479 23
455 480 48
456 480 -86
456 481 27
457 481 -2
457 482 -4
458 482 19
458 483 -92
459 483 -25
459 484 17
460 484 -55
460 485 28
461 485 82
461 486 -99
462 486 86
462 487 56
463 487 -77
463 488 -57
464 488 22
464 489 8
465 489 16
465 490 34
466 490 20
466 491 -66
467 491 23
467 492 43
468 492 30
468 493 52
469 493 -47
469 494 49
470 494 76
470 495 26
471 495 65
471 496 -82
472 496 17
472 497 85
473 497 -9
473 498 96
474 498 -73
474 499 18
475 499 -15
475 500 34
476 500 -91
476 501 -85
477 502 -43
478 502 -86
478 503 16
479 503 -42
479 504 39
480 504 77
480 505 -59
481 505 48
481 506 18
482 506 14
482 507 -80
483 507 69
483 508 -38
484 508 -82
484 509 -73
485 509 28
485 510 83
486 510 -50
486 511 -57
487 511 -31
487 512 35
488 512 8
488 513 -73
489 513 94
489 514 -56
490 514 -58
490 515 -47
491 515 42
491 516 10
492 516 56
492 517 41
493 517 -81
493 518 -90
494 518 -18
494 519 50
495 519 -48
495 520 -49
496 520 53
496 521 -20
497 521 66
497 522 -32
498 522 40
498 523 32
499 523 -89
499 524 71
500 524 -87
500 525 39
501 525 -77
501 526 32
502 527 44
503 527 68
503 528 81
504 528 -13
504 529 69
505 529 -54
505 530 61
506 530 68
506 531 51
507 531 86
507 532 1
508 532 25
508 533 48
509 533 49
509 534 96
510 534 -50
510 535 62
511 535 39
511 536 -56
512 536 -18
512 537 91
513 537 49
513 538 -23
514 538 4
514 539 28
515 539 40
515 540 -21
516 540 -30
516 541 46
517 541 89
517 542 37
518 542 29
518 543 71
519 543 -89
519 544 95
520 544 -1
520 545 -67
521 545 49
521 546 -30
522 546 -15
522 547 -80
523 547 44
523 548 88
524 548 -34
524 549 -90
525 549 -19
525 550 -46
526 550 -28
526 551 -16
527 552 -95
528 552 -49
528 553 -17
529 553 -81
529 554 15
530 554 97
530 555 -89
531 555 13
531 556 84
532 556 74
532 557 77
533 557 -3
533 558 37
534 558 8
534 559 35
535 559 -78
535 560 -41
536 560 43
536 561 62
537 561 -76
537 562 57
538 562 86
538 563 -3
539 563 81
539 564 12
540 564 -8
540 565 -61
541 565 -62
541 566 91
542 566 -53
542 567 31
543 567 -36
543 568 8
544 568 -32
544 569 88
545 569 63
545 570 -30
546 570 11
546 571 65
547 571 43
547 572 85
548 572 68
548 573 -40
549 573 98
549 574 -33
550 574 -8
550 575 -45
551 575 20
551 576 -76
552 577 67
553 577 77
553 578 -15
554 578 -70
554 579 9
555 579 72
555 580 35
556 580 5
556 581 99
557 581 -85
557 582 21
558 582 65
558 583 84
559 583 -57
559 584 55
560 584 -93
560 585 31
561 585 -25
561 586 63
562 586 13
562 587 94
563 587 9
563 588 -5
564 588 -79
564 589 -90
565 589 -58
565 590 -1
566 590 -45
566 591 -19
567 591 -42
567 592 74
568 592 35
568 593 9
569 593 -80
569 594 -74
570 594 39
570 595 -53
571 595 92
571 596 42
572 596 -85
572 597 -4
573 597 85
573 598 -4
574 598 -37
574 599 15
575 599 95
575 600 -40
576 600 -97
576 601 -85
577 602 10
578 602 -39
578 603 27
579 603 71
579 604 46
580 604 18
580 605 -12
581 605 34
581 606 -2
582 606 -29
582 607 -33
583 607 -93
583 608 -100
584 608 23
584 609 -76
585 609 -6
585 610 97
586 610 -56
586 611 55
587 611 91
587 612 -20
588 612 68
588 613 89
589 613 60
589 614 87
590 614 -14
590 615 63
591 615 -28
591 616 53
592 616 -90
592 617 21
593 617 27
593 618 50
594 618 10
594 619 65
595 619 29
595 620 97
596 620 -76
596 621 -12
597 621 96
597 622 -61
598 622 8
598 623 8
599 623 -72
599 624 87
600 624 -42
600 625 -99
601 625 50
601 626 -49
602 627 15
603 627 -42
603 628 -98
604 628 -25
604 629 57
605 629 46
605 630 4
606 630 -71
606 631 -10
607 631 -21
607 632 -73
608 632 48
608 633 26
609 633 47
609 634 57
610 634 0
610 635 -32
611 635 -59
611 636 -8
612 636 -82
612 637 63
613 637 -5
613 638 -89
614 638 -46
614 639 2
615 639 23
615 640 -28
616 640 81
616 641 16
617 641 60
617 642 -8
618 642 -26
618 643 -59
619 643 85
619 644 12
620 644 -33
620 645 -21
621 645 65
621 646 48
622 646 57
622 647 -95
623 647 -35
623 648 21
624 648 -58
624 649 -37
625 649 -59
625 650 -74
626 650 -45
626 651 40
627 652 43
628 652 15
628 653 54
629 653 82
629 654 -65
630 654 59
630 655 86
631 655 -57
631 656 -98
632 656 -26
632 657 20
633 657 11
633 658 -18
634 658 -51
634 659 45
635 659 -75
635 660 -43
636 660 -31
636 661 64
637 661 8
637 662 33
638 662 55
638 663 98
639 663 69
639 664 -27
640 664 84
640 665 57
641 665 1
641 666 -88
642 666 38
642 667 -17
643 667 -7
643 668 -50
644 668 -99
644 669 -90
645 669 55
645 670 -13
646 670 83
646 671 -34
647 671 -74
647 672 75
648 672 61
648 673 73
649 673 -94
649 674 41
650 674 -51
650 675 -71
651 675 -11
651 676 -39
652 677 86
653 677 70
653 678 11
654 678 -38
654 679 12
655 679 39
655 680 70
656 680 40
656 681 -58
657 681 -5
657 682 -98
658 682 16
658 683 -49
659 683 -97
659 684 -46
660 684 64
660 685 -28
661 685 -60
661 686 -97
662 686 -84
662 687 -63
663 687 -66
663 688 -25
664 688 52
664 689 -46
665 689 62
665 690 -77
666 690 57
666 691 7
667 691 19
667 692 39
668 692 37
668 693 38
669 693 -75
669 694 62
670 694 -14
670 695 -86
671 695 -92
671 696 76
672 696 -55
672 697 60
673 697 25
673 698 -83
674 698 -82
674 699 97
675 699 18
675 700 89
676 700 98
676 701 7
677 702 -19
678 702 81
678 703 7
679 703 48
679 704 -34
680 704 56
680 705 -36
681 705 -57
681 706 -31
682 706 -48
682 707 27
683 707 -47
683 708 -79
684 708 21
684 709 -88
685 709 -77
685 710 3
686 710 -68
686 711 -20
687 711 14
687 712 -72
688 712 50
688 713 -95
689 713 78
689 714 -12
690 714 -80
690 715 46
691 715 -92
691 716 -40
692 716 80
692 717 83
693 717 -28
693 718 -62
694 718 48
694 719 -3
695 719 63
695 720 -88
696 720 -65
696 721 79
697 721 44
697 722 -1
698 722 54
698 723 57
699 723 -77
699 724 72
700 724 -48
700 725 26
701 725 32
701 726 -23
702 727 56
703 727 -62
703 728 -64
704 728 -50
704 729 97
705 729 -80
705 730 -51
706 730 74
706 731 73
707 731 43
707 732 68
708 732 -53
708 733 -45
709 733 -37
709 734 32
710 734 -35
710 735 -84
711 735 -8
711 736 -11
712 736 67
712 737 -67
713 737 -76
713 738 -98
714 738 -69
714 739 16
715 739 8
715 740 -50
716 740 -42
716 741 -68
717 741 36
717 742 30
718 742 4
718 743 -81
719 743 89
719 744 -28
720 744 -52
720 745 38
721 745 -28
721 746 -29
722 746 61
722 747 99
723 747 19
723 748 89
724 748 -36
724 749 55
725 749 32
725 750 23
726 750 -37
726 751 -36
727 752 -11
728 752 -100
728 753 -57
729 753 68
729 754 -61
730 754 59
730 755 -12
731 755 -43
731 756 30
732 756 -86
732 757 -43
733 757 -2
733 758 66
734 758 78
734 759 -96
735 759 37
735 760 -98
736 760 15
736 761 46
737 761 -26
737 762 -96
738 762 71
738 763 -63
739 763 -70
739 764 49
740 764 -22
740 765 66
741 765 -63
741 766 96
742 766 -57
742 767 20
743 767 -40
743 768 -77
744 768 -62
744 769 -12
745 769 79
745 770 -41
746 770 98
746 771 -80
747 771 7
747 772 68
748 772 -69
748 773 74
749 773 64
749 774 -35
750 774 60
750 775 81
751 775 -46
751 776 -92
752 777 -30
753 777 19
753 778 -69
754 778 -69
754 779 -80
755 779 -20
755 780 88
756 780 53
756 781 82
757 781 -91
757 782 9
758 782 -65
758 783 2
759 783 -54
759 784 -52
760 784 9
760 785 -34
761 785 -60
761 786 40
762 786 -81
762 787 -26
763 787 3
763 788 40
764 788 69
764 789 -25
765 789 -99
765 790 14
766 790 -22
766 791 -30
767 791 86
767 792 100
768 792 94
768 793 17
769 793 -34
769 794 15
770 794 -30
770 795 -60
771 795 39
771 796 -68
772 796 -99
772 797 99
773 797 21
773 798 -74
774 798 -88
774 799 82
775 799 19
775 800 59
776 800 -31
776 801 -35
777 802 -73
778 802 -23
778 803 -79
779 803 -71
779 804 -29
780 804 -100
780 805 -95
781 805 -54
781 806 28
782 806 61
782 807 -36
783 807 -24
783 808 77
784 808 97
784 809 -44
785 809 -71
785 810 -27
786 810 82
786 811 -79
787 811 -85
787 812 -60
788 812 -89
788 813 -7
789 813 25
789 814 92
790 814 42
790 815 51
791 815 45
791 816 77
792 816 75
792 817 -13
793 817 24
793 818 50
794 818 -39
794 819 69
795 819 -81
795 820 71
796 820 -28
796 821 15
797 821 12
797 822 -77
798 822 -94
798 823 28
799 823 38
799 824 -44
800 824 21
800 825 10
801 825 50
801 826 7
802 827 -20
803 827 18
803 828 64
804 828 47
804 829 47
805 829 71
805 830 -88
806 830 -81
806 831 -37
807 831 -48
807 832 -89
808 832 27
808 833 -54
809 833 -33
809 834 48
810 834 -51
810 835 75
811 835 87
811 836 -9
812 836 -63
812 837 -22
813 837 99
813 838 49
814 838 -96
814 839 -9
815 839 -60
815 840 -89
816 840 63
816 841 -5
817 841 40
817 842 83
818 842 -78
818 843 33
819 843 81
819 844 90
820 844 -53
820 845 76
821 845 -66
821 846 40
822 846 38
822 847 5
823 847 69
823 848 70
824 848 -68
824 849 86
825 849 89
825 850 63
826 850 -86
826 851 -5
827 852 -86
828 852 -63
828 853 -12
829 853 24
829 854 -67
830 854 86
830 855 12
831 855 87
831 856 58
832 856 -25
832 857 22
833 857 42
833 858 -84
834 858 15
834 859 -77
835 859 -38
835 860 -74
836 860 66
836 861 -60
837 861 67
837 862 69
838 862 57
838 863 96
839 863 -4
839 864 71
840 864 -40
840 865 88
841 865 -47
841 866 1
842 866 -12
842 867 44
843 867 76
843 868 -85
844 868 28
844 869 70
845 869 16
845 870 -100
846 870 -85
846 871 14
847 871 -69
847 872 -29
848 872 79
848 873 45
849 873 55
849 874 31
850 874 -95
850 875 87
851 875 38
851 876 -68
852 877 82
853 877 20
853 878 -68
854 878 69
854 879 -68
855 879 -62
855 880 -89
856 880 97
856 881 -75
857 881 -17
857 882 94
858 882 -47
858 883 60
859 883 45
859 884 14
860 884 -89
860 885 -84
861 885 -55
861 886 53
862 886 91
862 887 -4
863 887 -1
863 888 82
864 888 15
864 889 98
865 889 8
865 890 2
866 890 -37
866 891 56
867 891 -76
867 892 -22
868 892 -38
868 893 -15
869 893 2
869 894 -90
870 894 -60
870 895 89
871 895 -25
871 896 60
872 896 37
872 897 -19
873 897 -34
873 898 64
874 898 90
874 899 18
875 899 21
875 900 19
876 900 85
876 901 -78
877 902 73
878 902 27
878 903 66
879 903 -39
879 904 52
880 904 49
880 905 8
881 905 -82
881 906 91
882 906 1
882 907 -70
883 907 42
883 908 13
884 908 -98
884 909 -14
885 909 -59
885 910 98
886 910 -6
886 911 -13
887 911 -48
887 912 72
888 912 -73
888 913 -66
889 913 19
889 914 -40
890 914 -15
890 915 31
891 915 26
891 916 56
892 916 11
892 917 -93
893 917 30
893 918 39
894 918 41
894 919 63
895 919 -41
895 920 -26
896 920 -72
896 921 -13
897 921 -91
897 922 -31
898 922 -52
898 923 45
899 923 -24
899 924 -24
900 924 6
900 925 -99
901 925 86
901 926 11
902 927 -51
903 927 84
903 928 65
904 928 50
904 929 56
905 929 -66
905 930 18
906 930 79
906 931 -78
907 931 -24
907 932 7
908 932 1
908 933 73
909 933 -1
909 934 75
910 934 38
910 935 33
911 935 -42
911 936 31
912 936 69
912 937 5
913 937 -50
913 938 -62
914 938 84
914 939 80
915 939 73
915 940 -90
916 940 -61
916 941 -68
917 941 77
917 942 70
918 942 -83
918 943 8
919 943 66
919 944 81
920 944 68
920 945 59
921 945 68
921 946 48
922 946 57
922 947 -94
923 947 -27
923 948 -90
924 948 -43
924 949 7
925 949 -40
925 950 -83
926 950 -58
926 951 11
927 952 94
928 952 67
928 953 25
929 953 38
929 954 -59
930 954 43
930 955 -82
931 955 -59
931 956 10
932 956 10
932 957 94
933 957 -35
933 958 -82
934 958 17
934 959 -53
935 959 -70
935 960 79
936 960 -19
936 961 82
937 961 -94
937 962 -26
938 962 -56
938 963 47
939 963 93
939 964 71
940 964 -76
940 965 1
941 965 91
941 966 86
942 966 97
942 967 27
943 967 -62
943 968 52
944 968 79
944 969 -88
945 969 -11
945 970 -27
946 970 -23
946 971 -25
947 971 -28
947 972 -42
948 972 23
948 973 -32
949 973 32
949 974 18
950 974 -31
950 975 -3
951 975 54
951 976 -51
952 977 -100
953 977 -79
953 978 -1
954 978 95
954 979 12
955 979 -75
955 980 -87
956 980 -29
956 981 -47
957 981 14
957 982 53
958 982 79
958 983 -18
959 983 69
959 984 29
960 984 25
960 985 -76
961 985 66
961 986 76
962 986 -93
962 987 -44
963 987 50
963 988 -68
964 988 -76
964 989 -19
965 989 -24
965 990 -9
966 990 90
966 991 -15
967 991 -16
967 992 -38
968 992 -98
968 993 52
969 993 -49
969 994 99
970 994 -2
970 995 98
971 995 -90
971 996 98
972 996 12
972 997 -95
973 997 -68
973 998 -14
974 998 64
974 999 88
975 999 78
975 1000 -74
976 1000 -76
976 1001 -75
977 1002 52
978 1002 50
978 1003 -43
979 1003 -44
979 1004 42
980 1004 -67
980 1005 90
981 1005 -7
981 1006 46
982 1006 -89
982 1007 60
983 1007 36
983 1008 68
984 1008 -64
984 1009 93
985 1009 -82
985 1010 64
986 1010 1
986 1011 -60
987 1011 95
987 1012 23
988 1012 -27
988 1013 -79
989 1013 -54
989 1014 -68
990 1014 67
990 1015 -89
991 1015 -80
991 1016 34
992 1016 75
992 1017 -25
993 1017 -73
993 1018 -95
994 1018 -71
994 1019 51
995 1019 5
995 1020 -92
996 1020 -94
996 1021 81
997 1021 -45
997 1022 -92
998 1022 -96
998 1023 -91
999 1023 60
999 1024 75
1000 1024 39
1000 1025 -34
1001 1025 28
1001 1026 55
1002 1027 -22
1003 1027 -81
1003 1028 79
1004 1028 -71
1004 1029 -15
1005 1029 47
1005 1030 56
1006 1030 86
1006 1031 -63
1007 1031 58
1007 1032 68
1008 1032 33
1008 1033 -34
1009 1033 46
1009 1034 79
1010 1034 -47
1010 1035 9
1011 1035 13
1011 1036 -92
1012 1036 18
1012 1037 97
1013 1037 57
1013 1038 11
1014 1038 6
1014 1039 -92
1015 1039 -98
1015 1040 58
1016 1040 -8
1016 1041 -97
1017 1041 17
1017 1042 6
1018 1042 -49
1018 1043 77
1019 1043 -99
1019 1044 -84
1020 1044 -24
1020 1045 -4
1021 1045 57
1021 1046 -84
1022 1046 20
1022 1047 -26
1023 1047 39
1023 1048 99
1024 1048 67
1024 1049 -86
1025 1049 54
1025 1050 5
1026 1050 -81
1026 1051 -39
1027 1052 14
1028 1052 67
1028 1053 -85
1029 1053 49
1029 1054 -88
1030 1054 -28
1030 1055 89
1031 1055 100
1031 1056 100
1032 1056 -10
1032 1057 -38
1033 1057 -4
1033 1058 -38
1034 1058 30
1034 1059 42
1035 1059 99
1035 1060 17
1036 1060 97
1036 1061 65
1037 1061 -46
1037 1062 -14
1038 1062 94
1038 1063 -98
1039 1063 -49
1039 1064 51
1040 1064 -9
1040 1065 -4
1041 1065 -1
1041 1066 55
1042 1066 64
1042 1067 -67
1043 1067 61
1043 1068 -89
1044 1068 -71
1044 1069 -27
1045 1069 -31
1045 1070 -100
1046 1070 -85
1046 1071 -13
1047 1071 30
1047 1072 -84
1048 1072 -68
1048 1073 -50
1049 1073 40
1049 1074 27
1050 1074 45
1050 1075 -88
1051 1075 -56
1051 1076 -61
1052 1077 -20
1053 1077 77
1053 1078 -21
1054 1078 -15
1054 1079 -53
1055 1079 94
1055 1080 17
1056 1080 -56
1056 1081 85
1057 1081 43
1057 1082 45
1058 1082 22
1058 1083 -53
1059 1083 60
1059 1084 -25
1060 1084 -38
1060 1085 -51
1061 1085 64
1061 1086 -17
1062 1086 16
1062 1087 51
1063 1087 -63
1063 1088 -20
1064 1088 8
1064 1089 -53
1065 1089 74
1065 1090 65
1066 1090 60
1066 1091 -93
1067 1091 43
1067 1092 7
1068 1092 95
1068 1093 -26
1069 1093 -81
1069 1094 41
1070 1094 -16
1070 1095 -3
1071 1095 70
1071 1096 -32
1072 1096 -97
1072 1097 -20
1073 1097 -36
1073 1098 -51
1074 1098 -3
1074 1099 -32
1075 1099 -92
1075 1100 -37
1076 1100 -44
1076 1101 91
1077 1102 -76
1078 1102 56
1078 1103 44
1079 1103 -3
1079 1104 -38
1080 1104 5
1080 1105 -97
1081 1105 -80
1081 1106 -38
1082 1106 23
1082 1107 5
1083 1107 -6
1083 1108 -52
1084 1108 97
1084 1109 -13
1085 1109 26
1085 1110 68
1086 1110 11
1086 1111 -88
1087 1111 -21
1087 1112 65
1088 1112 -21
1088 1113 -16
1089 1113 85
1089 1114 86
1090 1114 94
1090 1115 59
1091 1115 7
1091 1116 -80
1092 1116 -45
1092 1117 -54
1093 1117 -67
1093 1118 -63
1094 1118 -9
1094 1119 41
1095 1119 21
1095 1120 -56
1096 1120 97
1096 1121 99
1097 1121 50
1097 1122 43
1098 1122 -36
1098 1123 -23
1099 1123 44
1099 1124 55
1100 1124 -39
1100 1125 18
1101 1125 40
1101 1126 88
1102 1127 -52
1103 1127 -76
1103 1128 79
1104 1128 -66
1104 1129 -59
1105 1129 79
1105 1130 45
1106 1130 -26
1106 1131 0
1107 1131 27
1107 1132 99
1108 1132 -76
1108 1133 30
1109 1133 16
1109 1134 99
1110 1134 76
1110 1135 -97
1111 1135 -61
1111 1136 77
1112 1136 -97
1112 1137 -89
1113 1137 -71
1113 1138 50
1114 1138 -10
1114 1139 -62
1115 1139 -7
1115 1140 -9
1116 1140 87
1116 1141 60
1117 1141 -88
1117 1142 91
1118 1142 68
1118 1143 87
1119 1143 -19
1119 1144 -69
1120 1144 -43
1120 1145 -4
1121 1145 -31
1121 1146 -37
1122 1146 -14
1122 1147 -8
1123 1147 0
1123 1148 -2
1124 1148 -42
1124 1149 95
1125 1149 65
1125 1150 -65
1126 1150 -94
1126 1151 -72
1127 1152 -100
1128 1152 32
1128 1153 -90
1129 1153 -99
1129 1154 50
1130 1154 51
1130 1155 72
1131 1155 79
1131 1156 75
1132 1156 5
1132 1157 53
1133 1157 -98
1133 1158 -24
1134 1158 58
1134 1159 -62
1135 1159 -88
1135 1160 -100
1136 1160 -38
1136 1161 -58
1137 1161 -47
1137 1162 -21
1138 1162 76
1138 1163 79
1139 1163 -25
1139 1164 -4
1140 1164 -22
1140 1165 -2
1141 1165 -97
1141 1166 -38
1142 1166 -52
1142 1167 -32
1143 1167 -20
1143 1168 0
1144 1168 85
1144 1169 45
1145 1169 -10
1145 1170 -2
1146 1170 65
1146 1171 62
1147 1171 66
1147 1172 -27
1148 1172 -96
1148 1173 -48
1149 1173 -2
1149 1174 -44
1150 1174 84
1150 1175 82
1151 1175 -90
1151 1176 75
1152 1177 55
1153 1177 -24
1153 1178 -59
1154 1178 -66
1154 1179 51
1155 1179 -4
1155 1180 93
1156 1180 -22
1156 1181 22
1157 1181 -4
1157 1182 -24
1158 1182 -13
1158 1183 31
1159 1183 46
1159 1184 -63
1160 1184 3
1160 1185 -90
1161 1185 30
1161 1186 51
1162 1186 9
1162 1187 40
1163 1187 32
1163 1188 89
1164 1188 -94
1164 1189 -19
1165 1189 56
1165 1190 -30
1166 1190 24
1166 1191 -48
1167 1191 -3
1167 1192 -2
1168 1192 86
1168 1193 21
1169 1193 -49
1169 1194 30
1170 1194 64
1170 1195 -41
1171 1195 -99
1171 1196 -34
1172 1196 71
1172 1197 -61
1173 1197 -63
1173 1198 73
1174 1198 -100
1174 1199 78
1175 1199 -84
1175 1200 -20
1176 1200 -87
1176 1201 -5
1177 1202 62
1178 1202 -70
1178 1203 -43
1179 1203 55
1179 1204 -57
1180 1204 -32
1180 1205 -18
1181 1205 91
1181 1206 -85
1182 1206 8
1182 1207 -41
1183 1207 -2
1183 1208 -50
1184 1208 -88
1184 1209 70
1185 1209 68
1185 1210 98
1186 1210 -76
1186 1211 -60
1187 1211 39
1187 1212 -38
1188 1212 -21
1188 1213 -30
1189 1213 -84
1189 1214 -16
1190 1214 5
1190 1215 -22
1191 1215 40
1191 1216 -17
1192 1216 64
1192 1217 -69
1193 1217 -32
1193 1218 19
1194 1218 46
1194 1219 4
1195 1219 -33
1195 1220 86
1196 1220 -96
1196 1221 -92
1197 1221 -17
1197 1222 100
1198 1222 91
1198 1223 46
1199 1223 39
1199 1224 -9
1200 1224 -54
1200 1225 -86
1201 1225 50
1201 1226 55
1202 1227 -8
1203 1227 -48
1203 1228 26
1204 1228 -4
1204 1229 16
1205 1229 10
1205 1230 -23
1206 1230 34
1206 1231 81
1207 1231 -8
1207 1232 -18
1208 1232 -24
1208 1233 95
1209 1233 -85
1209 1234 18
1210 1234 -2
1210 1235 -31
1211 1235 -51
1211 1236 -32
1212 1236 38
1212 1237 -55
1213 1237 -83
1213 1238 1
1214 1238 3
1214 1239 0
1215 1239 -60
1215 1240 -25
1216 1240 85
1216 1241 -37
1217 1241 -89
1217 1242 40
1218 1242 32
1218 1243 -2
1219 1243 -63
1219 1244 -48
1220 1244 -23
1220 1245 74
1221 1245 -73
1221 1246 -49
1222 1246 73
1222 1247 -56
1223 1247 77
1223 1248 90
1224 1248 -22
1224 1249 -65
1225 1249 -69
1225 1250 33
1226 1250 10
1226 1251 54
1227 1252 -72
1228 1252 54
1228 1253 9
1229 1253 -16
1229 1254 44
1230 1254 -88
1230 1255 -50
1231 1255 -39
1231 1256 14
1232 1256 -97
1232 1257 -73
1233 1257 18
1233 1258 91
1234 1258 -85
1234 1259 81
1235 1259 -54
1235 1260 -8
1236 1260 98
1236 1261 -67
1237 1261 62
1237 1262 81
1238 1262 -20
1238 1263 -31
1239 1263 58
1239 1264 -16
1240 1264 60
1240 1265 90
1241 1265 -83
1241 1266 -46
1242 1266 -58
1242 1267 -45
1243 1267 43
1243 1268 -13
1244 1268 -18
1244 1269 -36
1245 1269 36
1245 1270 -2
1246 1270 -38
1246 1271 9
1247 1271 79
1247 1272 -9
1248 1272 -12
1248 1273 -98
1249 1273 -76
1249 1274 -49
1250 1274 -44
1250 1275 97
1251 1275 -73
1251 1276 76
1252 1277 -89
1253 1277 30
1253 1278 -20
1254 1278 -77
1254 1279 75
1255 1279 31
1255 1280 68
1256 1280 -56
1256 1281 53
1257 1281 50
1257 1282 63
1258 1282 -30
1258 1283 -66
1259 1283 -75
1259 1284 -80
1260 1284 -80
1260 1285 8
1261 1285 23
1261 1286 83
1262 1286 -66
1262 1287 50
1263 1287 84
1263 1288 -52
1264 1288 16
1264 1289 -43
1265 1289 77
1265 1290 90
1266 1290 -83
1266 1291 8
1267 1291 -6
1267 1292 30
1268 1292 81
1268 1293 -38
1269 1293 11
1269 1294 78
1270 1294 18
1270 1295 -68
1271 1295 35
1271 1296 32
1272 1296 18
1272 1297 93
1273 1297 -28
1273 1298 38
1274 1298 86
1274 1299 -74
1275 1299 50
1275 1300 50
1276 1300 -33
1276 1301 75
1277 1302 -90
1278 1302 59
1278 1303 25
1279 1303 -33
1279 1304 -77
1280 1304 -10
1280 1305 16
1281 1305 98
1281 1306 -83
1282 1306 0
1282 1307 98
1283 1307 -11
1283 1308 36
1284 1308 54
1284 1309 64
1285 1309 35
1285 1310 58
1286 1310 36
1286 1311 -17
1287 1311 44
1287 1312 -88
1288 1312 -28
1288 1313 -92
1289 1313 20
1289 1314 57
1290 1314 -44
1290 1315 91
1291 1315 58
1291 1316 -56
1292 1316 -48
1292 1317 4
1293 1317 54
1293 1318 -76
1294 1318 65
1294 1319 -11
1295 1319 21
1295 1320 25
1296 1320 -43
1296 1321 -42
1297 1321 92
1297 1322 -84
1298 1322 -92
1298 1323 79
1299 1323 -57
1299 1324 -55
1300 1324 74
1300 1325 -100
1301 1325 -93
1301 1326 41
1302 1327 33
1303 1327 28
1303 1328 -47
1304 1328 -41
1304 1329 45
1305 1329 -75
1305 1330 -15
1306 1330 -80
1306 1331 -52
1307 1331 35
1307 1332 -24
1308 1332 -69
1308 1333 -96
1309 1333 46
1309 1334 98
1310 1334 -3
1310 1335 -1
1311 1335 61
1311 1336 61
1312 1336 71
1312 1337 -27
1313 1337 -25
1313 1338 43
1314 1338 98
1314 1339 58
1315 1339 -17
1315 1340 -23
1316 1340 88
1316 1341 59
1317 1341 45
1317 1342 93
1318 1342 -53
1318 1343 -57
1319 1343 -6
1319 1344 -61
1320 1344 -58
1320 1345 -2
1321 1345 -32
1321 1346 -77
1322 1346 25
1322 1347 65
1323 1347 -86
1323 1348 88
1324 1348 43
1324 1349 66
1325 1349 -62
1325 1350 15
1326 1350 84
1326 1351 -20
1327 1352 -91
1328 1352 100
1328 1353 50
1329 1353 -37
1329 1354 86
1330 1354 58
1330 1355 59
1331 1355 -8
1331 1356 -58
1332 1356 -95
1332 1357 -83
1333 1357 -100
1333 1358 -16
1334 1358 32
1334 1359 52
1335 1359 -30
1335 1360 89
1336 1360 42
1336 1361 84
1337 1361 9
1337 1362 -46
1338 1362 75
1338 1363 76
1339 1363 6
1339 1364 -27
1340 1364 -84
1340 1365 -9
1341 1365 89
1341 1366 88
1342 1366 -2
1342 1367 17
1343 1367 31
1343 1368 -10
1344 1368 -32
1344 1369 53
1345 1369 -95
1345 1370 -28
1346 1370 -65
1346 1371 -46
1347 1371 -100
1347 1372 28
1348 1372 -74
1348 1373 -32
1349 1373 5
1349 1374 -18
1350 1374 17
1350 1375 -86
1351 1375 -41
1351 1376 46
1352 1377 18
1353 1377 9
1353 1378 -4
1354 1378 -9
1354 1379 -35
1355 1379 22
1355 1380 -95
1356 1380 -82
1356 1381 32
1357 1381 -42
1357 1382 -88
1358 1382 85
1358 1383 21
1359 1383 -82
1359 1384 -60
1360 1384 -60
1360 1385 59
1361 1385 -82
1361 1386 -58
1362 1386 -62
1362 1387 -55
1363 1387 85
1363 1388 31
1364 1388 -9
1364 1389 -42
1365 1389 19
1365 1390 14
1366 1390 31
1366 1391 90
1367 1391 -16
1367 1392 47
1368 1392 -1
1368 1393 87
1369 1393 -2
1369 1394 28
1370 1394 52
1370 1395 49
1371 1395 14
1371 1396 -78
1372 1396 -28
1372 1397 47
1373 1397 -82
1373 1398 -29
1374 1398 -33
1374 1399 -11
1375 1399 -88
1375 1400 92
1376 1400 -84
1376 1401 66
1377 1402 85
1378 1402 -42
1378 1403 33
1379 1403 -82
1379 1404 66
1380 1404 94
1380 1405 -15
1381 1405 -94
1381 1406 17
1382 1406 67
1382 1407 22
1383 1407 86
1383 1408 -35
1384 1408 -23
1384 1409 -41
1385 1409 -5
1385 1410 -96
1386 1410 -78
1386 1411 95
1387 1411 60
1387 1412 -26
1388 1412 99
1388 1413 77
1389 1413 -86
1389 1414 -100
1390 1414 23
1390 1415 97
1391 1415 -22
1391 1416 -31
1392 1416 13
1392 1417 74
1393 1417 -5
1393 1418 -5
1394 1418 29
1394 1419 76
1395 1419 37
1395 1420 30
1396 1420 -100
1396 1421 -69
1397 1421 -94
1397 1422 -86
1398 1422 88
1398 1423 96
1399 1423 -73
1399 1424 42
1400 1424 -29
1400 1425 -100
1401 1425 93
1401 1426 -61
1402 1427 -82
1403 1427 67
1403 1428 20
1404 1428 -20
1404 1429 -1
1405 1429 -85
1405 1430 100
1406 1430 -66
1406 1431 88
1407 1431 -47
1407 1432 -49
1408 1432 20
1408 1433 -48
1409 1433 66
1409 1434 -74
1410 1434 -80
1410 1435 -95
1411 1435 -34
1411 1436 29
1412 1436 -24
1412 1437 -85
1413 1437 87
1413 1438 70
1414 1438 70
1414 1439 -40
1415 1439 -14
1415 1440 35
1416 1440 50
1416 1441 10
1417 1441 -68
1417 1442 30
1418 1442 -13
1418 1443 10
1419 1443 -64
1419 1444 41
1420 1444 -23
1420 1445 -31
1421 1445 -51
1421 1446 -33
1422 1446 75
1422 1447 81
1423 1447 -22
1423 1448 19
1424 1448 90
1424 1449 73
1425 1449 -25
1425 1450 -59
1426 1450 9
1426 1451 32
1427 1452 38
1428 1452 64
1428 1453 -44
1429 1453 -57
1429 1454 -13
1430 1454 -22
1430 1455 -83
1431 1455 76
1431 1456 8
1432 1456 86
1432 1457 -24
1433 1457 0
1433 1458 25
1434 1458 -8
1434 1459 -72
1435 1459 -86
1435 1460 7
1436 1460 -76
1436 1461 -85
1437 1461 23
1437 1462 -14
1438 1462 61
1438 1463 41
1439 1463 67
1439 1464 3
1440 1464 -29
1440 1465 59
1441 1465 -71
1441 1466 -53
1442 1466 41
1442 1467 78
1443 1467 31
1443 1468 49
1444 1468 -54
1444 1469 24
1445 1469 -35
1445 1470 81
1446 1470 -7
1446 1471 -76
1447 1471 -53
1447 1472 35
1448 1472 -19
1448 1473 20
1449 1473 38
1449 1474 -10
1450 1474 -80
1450 1475 -4
1451 1475 39
1451 1476 34
1452 1477 -4
1453 1477 -67
1453 1478 5
1454 1478 -69
1454 1479 -62
1455 1479 14
1455 1480 -81
1456 1480 -31
1456 1481 72
1457 1481 38
1457 1482 -39
1458 1482 -38
1458 1483 80
1459 1483 9
1459 1484 -50
1460 1484 -64
1460 1485 59
1461 1485 72
1461 1486 -84
1462 1486 43
1462 1487 67
1463 1487 -63
1463 1488 -36
1464 1488 68
1464 1489 33
1465 1489 -93
1465 1490 -61
1466 1490 -66
1466 1491 -46
1467 1491 -89
1467 1492 -12
1468 1492 87
1468 1493 58
1469 1493 44
1469 1494 3
1470 1494 -10
1470 1495 -89
1471 1495 -43
1471 1496 -37
1472 1496 94
1472 1497 -36
1473 1497 -24
1473 1498 -58
1474 1498 20
1474 1499 -55
1475 1499 -32
1475 1500 -56
1476 1500 7
1476 1501 94
1477 1502 -79
1478 1502 45
1478 1503 58
1479 1503 -63
1479 1504 -38
1480 1504 -13
1480 1505 -47
1481 1505 30
1481 1506 -16
1482 1506 -97
1482 1507 33
1483 1507 87
1483 1508 -7
1484 1508 -11
1484 1509 43
1485 1509 4
1485 1510 -2
1486 1510 -11
1486 1511 99
1487 1511 39
1487 1512 -92
1488 1512 88
1488 1513 -37
1489 1513 0
1489 1514 -79
1490 1514 75
1490 1515 -42
1491 1515 -75
1491 1516 -25
1492 1516 -54
1492 1517 -25
1493 1517 -82
1493 1518 16
1494 1518 23
1494 1519 16
1495 1519 -75
1495 1520 -85
1496 1520 86
1496 1521 9
1497 1521 -20
1497 1522 -43
1498 1522 97
1498 1523 -82
1499 1523 -70
1499 1524 9
1500 1524 20
1500 1525 -38
1501 1525 41
1501 1526 71
1502 1527 29
1503 1527 -80
1503 1528 -2
1504 1528 -90
1504 1529 22
1505 1529 -65
1505 1530 -68
1506 1530 -46
1506 1531 69
1507 1531 27
1507 1532 79
1508 1532 -92
1508 1533 -81
1509 1533 36
1509 1534 68
1510 1534 -28
1510 1535 66
1511 1535 81
1511 1536 -74
1512 1536 -23
1512 1537 17
1513 1537 37
1513 1538 -72
1514 1538 -94
1514 1539 -64
1515 1539 22
1515 1540 -46
1516 1540 67
1516 1541 -55
1517 1541 -82
1517 1542 -73
1518 1542 -23
1518 1543 47
1519 1543 -33
1519 1544 63
1520 1544 4
1520 1545 80
1521 1545 -69
1521 1546 69
1522 1546 -99
1522 1547 6
1523 1547 19
1523 1548 -95
1524 1548 -15
1524 1549 16
1525 1549 66
1525 1550 14
1526 1550 57
1526 1551 14
1527 1552 -56
1528 1552 -92
1528 1553 79
1529 1553 -45
1529 1554 91
1530 1554 81
1530 1555 85
1531 1555 56
1531 1556 84
1532 1556 -73
1532 1557 33
1533 1557 -17
1533 1558 32
1534 1558 36
1534 1559 56
1535 1559 22
1535 1560 57
1536 1560 97
1536 1561 60
1537 1561 96
1537 1562 63
1538 1562 -20
1538 1563 14
1539 1563 1
1539 1564 -87
1540 1564 -85
1540 1565 -27
1541 1565 53
1541 1566 31
1542 1566 51
1542 1567 60
1543 1567 54
1543 1568 57
1544 1568 48
1544 1569 -58
1545 1569 -61
1545 1570 19
1546 1570 67
1546 1571 -4
1547 1571 68
1547 1572 78
1548 1572 -93
1548 1573 -58
1549 1573 98
1549 1574 23
1550 1574 -96
1550 1575 44
1551 1575 65
1551 1576 -66
1552 1577 -80
1553 1577 -18
1553 1578 83
1554 1578 15
1554 1579 76
1555 1579 -24
1555 1580 85
1556 1580 72
1556 1581 -88
1557 1581 47
1557 1582 34
1558 1582 75
1558 1583 -30
1559 1583 -58
1559 1584 62
1560 1584 -14
1560 1585 -85
1561 1585 -36
1561 1586 -19
1562 1586 16
1562 1587 16
1563 1587 -15
1563 1588 -25
1564 1588 16
1564 1589 98
1565 1589 4
1565 1590 -82
1566 1590 -10
1566 1591 24
1567 1591 86
1567 1592 86
1568 1592 46
1568 1593 47
1569 1593 73
1569 1594 -12
1570 1594 0
1570 1595 -15
1571 1595 93
1571 1596 -100
1572 1596 -80
1572 1597 -72
1573 1597 16
1573 1598 85
1574 1598 46
1574 1599 17
1575 1599 88
1575 1600 -42
1576 1600 -77
1576 1601 -85
1577 1602 -16
1578 1602 -56
1578 1603 89
1579 1603 32
1579 1604 -99
1580 1604 77
1580 1605 -9
1581 1605 98
1581 1606 -93
1582 1606 -25
1582 1607 -60
1583 1607 82
1583 1608 14
1584 1608 25
1584 1609 -82
1585 1609 79
1585 1610 55
1586 1610 31
1586 1611 98
1587 1611 17
1587 1612 -16
1588 1612 -2
1588 1613 -31
1589 1613 -52
1589 1614 62
1590 1614 -20
1590 1615 41
1591 1615 -13
1591 1616 37
1592 1616 -94
1592 1617 36
1593 1617 -40
1593 1618 -74
1594 1618 98
1594 1619 70
1595 1619 -1
1595 1620 -58
1596 1620 -83
1596 1621 79
1597 1621 86
1597 1622 73
1598 1622 -5
1598 1623 -78
1599 1623 -34
1599 1624 -33
1600 1624 -73
1600 1625 75
1601 1625 44
1601 1626 24
1602 1627 -40
1603 1627 24
1603 1628 94
1604 1628 79
1604 1629 -30
1605 1629 -37
1605 1630 -55
1606 1630 0
1606 1631 -10
1607 1631 34
1607 1632 -33
1608 1632 -18
1608 1633 13
1609 1633 54
1609 1634 23
1610 1634 80
1610 1635 -14
1611 1635 -43
1611 1636 -30
1612 1636 -56
1612 1637 60
1613 1637 73
1613 1638 -57
1614 1638 97
1614 1639 26
1615 1639 92
1615 1640 46
1616 1640 49
1616 1641 -1
1617 1641 -39
1617 1642 -94
1618 1642 14
1618 1643 82
1619 1643 99
1619 1644 15
1620 1644 11
1620 1645 -25
1621 1645 77
1621 1646 32
1622 1646 -20
1622 1647 84
1623 1647 -67
1623 1648 -31
1624 1648 -96
1624 1649 -88
1625 1649 -8
1625 1650 -48
1626 1650 31
1626 1651 87
1627 1652 83
1628 1652 -29
1628 1653 -41
1629 1653 -63
1629 1654 83
1630 1654 92
1630 1655 -21
1631 1655 87
1631 1656 -6
1632 1656 40
1632 1657 -96
1633 1657 -25
1633 1658 -6
1634 1658 60
1634 1659 -44
1635 1659 65
1635 1660 0
1636 1660 58
1636 1661 -90
1637 1661 10
1637 1662 46
1638 1662 -41
1638 1663 -32
1639 1663 19
1639 1664 -87
1640 1664 -10
1640 1665 -83
1641 1665 -40
1641 1666 69
1642 1666 46
1642 1667 29
1643 1667 71
1643 1668 -90
1644 1668 63
1644 1669 66
1645 1669 -3
1645 1670 -41
1646 1670 53
1646 1671 50
1647 1671 -73
1647 1672 73
1648 1672 -28
1648 1673 50
1649 1673 -60
1649 1674 51
1650 1674 25
1650 1675 -94
1651 1675 -88
1651 1676 12
1652 1677 -97
1653 1677 69
1653 1678 33
1654 1678 -90
1654 1679 -75
1655 1679 -85
1655 1680 29
1656 1680 -50
1656 1681 -76
1657 1681 -3
1657 1682 76
1658 1682 -38
1658 1683 13
1659 1683 12
1659 1684 -35
1660 1684 37
1660 1685 26
1661 1685 78
1661 1686 89
1662 1686 -78
1662 1687 13
1663 1687 -45
1663 1688 70
1664 1688 14
1664 1689 -51
1665 1689 75
1665 1690 -82
1666 1690 -83
1666 1691 100
1667 1691 32
1667 1692 58
1668 1692 12
1668 1693 -44
1669 1693 12
1669 1694 -96
1670 1694 -53
1670 1695 -48
1671 1695 -68
1671 1696 91
1672 1696 -56
1672 1697 30
1673 1697 31
1673 1698 46
1674 1698 -29
1674 1699 17
1675 1699 84
1675 1700 93
1676 1700 -75
1676 1701 -35
1677 1702 47
1678 1702 51
1678 1703 -40
1679 1703 32
1679 1704 -68
1680 1704 -65
1680 1705 74
1681 1705 -26
1681 1706 34
1682 1706 -23
1682 1707 50
1683 1707 -69
1683 1708 -61
1684 1708 76
1684 1709 1
1685 1709 -52
1685 1710 34
1686 1710 -93
1686 1711 45
1687 1711 41
1687 1712 -45
1688 1712 61
1688 1713 -11
1689 1713 -42
1689 1714 -68
1690 1714 6
1690 1715 18
1691 1715 59
1691 1716 -94
1692 1716 -50
1692 1717 59
1693 1717 -66
1693 1718 88
1694 1718 41
1694 1719 34
1695 1719 71
1695 1720 -55
1696 1720 3
1696 1721 49
1697 1721 43
1697 1722 -61
1698 1722 61
1698 1723 -83
1699 1723 -17
1699 1724 -61
1700 1724 30
1700 1725 94
1701 1725 -71
1701 1726 -50
1702 1727 0
1703 1727 93
1703 1728 -92
1704 1728 -57
1704 1729 -97
1705 1729 19
1705 1730 -20
1706 1730 -97
1706 1731 87
1707 1731 -79
1707 1732 99
1708 1732 0
1708 1733 63
1709 1733 -4
1709 1734 23
1710 1734 65
1710 1735 55
1711 1735 -99
1711 1736 -48
1712 1736 44
1712 1737 -15
1713 1737 -60
1713 1738 54
1714 1738 -63
1714 1739 -100
1715 1739 -82
1715 1740 -65
1716 1740 18
1716 1741 -31
1717 1741 31
1717 1742 78
1718 1742 -81
1718 1743 23
1719 1743 26
1719 1744 28
1720 1744 85
1720 1745 -57
1721 1745 -16
1721 1746 76
1722 1746 8
1722 1747 47
1723 1747 95
1723 1748 20
1724 1748 93
1724 1749 -56
1725 1749 -97
1725 1750 -26
1726 1750 37
1726 1751 -56
1727 1752 50
1728 1752 -4
1728 1753 -72
1729 1753 79
1729 1754 -78
1730 1754 93
1730 1755 30
1731 1755 -16
1731 1756 -75
1732 1756 15
1732 1757 34
1733 1757 98
1733 1758 91
1734 1758 51
1734 1759 -60
1735 1759 98
1735 1760 43
1736 1760 67
1736 1761 26
1737 1761 -45
1737 1762 78
1738 1762 -86
1738 1763 14
1739 1763 43
1739 1764 15
1740 1764 60
1740 1765 99
1741 1765 34
1741 1766 42
1742 1766 28
1742 1767 -30
1743 1767 -31
1743 1768 52
1744 1768 -75
1744 1769 -76
1745 1769 29
1745 1770 62
1746 1770 92
1746 1771 27
1747 1771 -96
1747 1772 -41
1748 1772 97
1748 1773 -46
1749 1773 -1
1749 1774 97
1750 1774 -95
1750 1775 62
1751 1775 -30
1751 1776 -77
1752 1777 -9
1753 1777 -97
1753 1778 93
1754 1778 44
1754 1779 -52
1755 1779 52
1755 1780 85
1756 1780 -59
1756 1781 53
1757 1781 -33
1757 1782 64
1758 1782 -32
1758 1783 -35
1759 1783 -21
1759 1784 -21
1760 1784 -23
1760 1785 -66
1761 1785 -26
1761 1786 2
1762 1786 -58
1762 1787 -21
1763 1787 87
1763 1788 25
1764 1788 -65
1764 1789 82
1765 1789 -89
1765 1790 -33
1766 1790 -98
1766 1791 52
1767 1791 71
1767 1792 -41
1768 1792 43
1768 1793 -42
1769 1793 -65
1769 1794 -19
1770 1794 -62
1770 1795 94
1771 1795 82
1771 1796 -29
1772 1796 -41
1772 1797 -31
1773 1797 81
1773 1798 -39
1774 1798 -99
1774 1799 50
1775 1799 30
1775 1800 79
1776 1800 -37
1776 1801 24
1777 1802 59
1778 1802 -2
1778 1803 59
1779 1803 -10
1779 1804 -98
1780 1804 -96
1780 1805 -13
1781 1805 -94
1781 1806 -77
1782 1806 -36
1782 1807 -37
1783 1807 -12
1783 1808 97
1784 1808 79
1784 1809 27
1785 1809 14
1785 1810 -24
1786 1810 -100
1786 1811 -14
1787 1811 67
1787 1812 -62
1788 1812 -37
1788 1813 -9
1789 1813 38
1789 1814 75
1790 1814 -63
1790 1815 42
1791 1815 88
1791 1816 -14
1792 1816 -58
1792 1817 68
1793 1817 -10
1793 1818 34
1794 1818 77
1794 1819 -69
1795 1819 62
1795 1820 -71
1796 1820 -20
1796 1821 -75
1797 1821 -52
1797 1822 61
1798 1822 -40
1798 1823 -32
1799 1823 67
1799 1824 -40
1800 1824 -29
1800 1825 8
1801 1825 47
1801 1826 -25
1802 1827 -63
1803 1827 -38
1803 1828 -14
1804 1828 41
1804 1829 40
1805 1829 -39
1805 1830 41
1806 1830 -7
1806 1831 19
1807 1831 -94
1807 1832 60
1808 1832 -48
1808 1833 95
1809 1833 -83
1809 1834 46
1810 1834 -89
1810 1835 96
1811 1835 -76
1811 1836 63
1812 1836 57
1812 1837 -69
1813 1837 22
1813 1838 28
1814 1838 28
1814 1839 -28
1815 1839 7
1815 1840 -35
1816 1840 -27
1816 1841 -34
1817 1841 -44
1817 1842 -15
1818 1842 -37
1818 1843 -70
1819 1843 -61
1819 1844 -37
1820 1844 13
1820 1845 15
1821 1845 -20
1821 1846 80
1822 1846 14
1822 1847 -63
1823 1847 19
1823 1848 -74
1824 1848 -15
1824 1849 33
1825 1849 80
1825 1850 78
1826 1850 20
1826 1851 76
1827 1852 -14
1828 1852 -17
1828 1853 -31
1829 1853 25
1829 1854 -2
1830 1854 45
1830 1855 -32
1831 1855 22
1831 1856 -35
1832 1856 -89
1832 1857 7
1833 1857 -24
1833 1858 54
1834 1858 -90
1834 1859 84
1835 1859 -92
1835 1860 -45
1836 1860 5
1836 1861 -88
1837 1861 -91
1837 1862 24
1838 1862 75
1838 1863 -79
1839 1863 0
1839 1864 4
1840 1864 -28
1840 1865 -41
1841 1865 1
1841 1866 48
1842 1866 100
1842 1867 72
1843 1867 18
1843 1868 -36
1844 1868 35
1844 1869 -24
1845 1869 63
1845 1870 -45
1846 1870 66
1846 1871 -55
1847 1871 68
1847 1872 96
1848 1872 -37
1848 1873 -46
1849 1873 38
1849 1874 76
1850 1874 -48
1850 1875 91
1851 1875 -33
1851 1876 -1
1852 1877 -74
1853 1877 56
1853 1878 31
1854 1878 35
1854 1879 -94
1855 1879 -62
1855 1880 -36
1856 1880 -29
1856 1881 -65
1857 1881 -92
1857 1882 13
1858 1882 -68
1858 1883 71
1859 1883 24
1859 1884 -29
1860 1884 -48
1860 1885 -79
1861 1885 79
1861 1886 -20
1862 1886 -8
1862 1887 -21
1863 1887 -6
1863 1888 44
1864 1888 -5
1864 1889 79
1865 1889 -22
1865 1890 -94
1866 1890 58
1866 1891 26
1867 1891 62
1867 1892 87
1868 1892 -84
1868 1893 39
1869 1893 -79
1869 1894 -63
1870 1894 -96
1870 1895 93
1871 1895 24
1871 1896 -16
1872 1896 -57
1872 1897 89
1873 1897 56
1873 1898 -34
1874 1898 -72
1874 1899 8
1875 1899 -2
1875 1900 42
1876 1900 -46
1876 1901 -33
1877 1902 -29
1878 1902 86
1878 1903 63
1879 1903 -11
1879 1904 55
1880 1904 45
1880 1905 -54
1881 1905 -81
1881 1906 67
1882 1906 -44
1882 1907 -12
1883 1907 59
1883 1908 -20
1884 1908 87
1884 1909 25
1885 1909 20
1885 1910 22
1886 1910 -37
1886 1911 -18
1887 1911 65
1887 1912 -98
1888 1912 91
1888 1913 -74
1889 1913 -64
1889 1914 -91
1890 1914 18
1890 1915 -62
1891 1915 -92
1891 1916 -92
1892 1916 54
1892 1917 -47
1893 1917 -59
1893 1918 -53
1894 1918 72
1894 1919 -29
1895 1919 57
1895 1920 -31
1896 1920 -46
1896 1921 43
1897 1921 -82
1897 1922 -60
1898 1922 -13
1898 1923 74
1899 1923 -14
1899 1924 -81
1900 1924 -84
1900 1925 30
1901 1925 10
1901 1926 14
1902 1927 39
1903 1927 -88
1903 1928 98
1904 1928 99
1904 1929 27
1905 1929 -12
1905 1930 100
1906 1930 -83
1906 1931 -58
1907 1931 0
1907 1932 -85
1908 1932 -14
1908 1933 98
1909 1933 16
1909 1934 -33
1910 1934 -5
1910 1935 -3
1911 1935 -24
1911 1936 -86
1912 1936 -24
1912 1937 -40
1913 1937 100
1913 1938 19
1914 1938 -79
1914 1939 -1
1915 1939 -40
1915 1940 60
1916 1940 43
1916 1941 -39
1917 1941 86
1917 1942 15
1918 1942 49
1918 1943 -83
1919 1943 -99
1919 1944 -86
1920 1944 54
1920 1945 57
1921 1945 77
1921 1946 42
1922 1946 38
1922 1947 33
1923 1947 57
1923 1948 37
1924 1948 68
1924 1949 -35
1925 1949 36
1925 1950 -100
1926 1950 -99
1926 1951 -18
1927 1952 88
1928 1952 21
1928 1953 -43
1929 1953 0
1929 1954 62
1930 1954 80
1930 1955 94
1931 1955 -41
1931 1956 20
1932 1956 51
1932 1957 -76
1933 1957 15
1933 1958 -88
1934 1958 67
1934 1959 -62
1935 1959 -5
1935 1960 -6
1936 1960 68
1936 1961 84
1937 1961 -49
1937 1962 -13
1938 1962 60
1938 1963 31
1939 1963 90
1939 1964 85
1940 1964 28
1940 1965 -27
1941 1965 10
1941 1966 -62
1942 1966 -35
1942 1967 -19
1943 1967 -44
1943 1968 24
1944 1968 -9
1944 1969 -66
1945 1969 -87
1945 1970 -32
1946 1970 -29
1946 1971 47
1947 1971 52
1947 1972 22
1948 1972 -32
1948 1973 8
1949 1973 70
1949 1974 -21
1950 1974 -76
1950 1975 -98
1951 1975 -82
1951 1976 35
1952 1977 -44
1953 1977 -34
1953 1978 -97
1954 1978 -65
1954 1979 -39
1955 1979 86
1955 1980 99
1956 1980 -71
1956 1981 -7
1957 1981 63
1957 1982 -65
1958 1982 -1
1958 1983 41
1959 1983 29
1959 1984 -100
1960 1984 53
1960 1985 51
1961 1985 -85
1961 1986 -2
1962 1986 29
1962 1987 -28
1963 1987 97
1963 1988 -57
1964 1988 -56
1964 1989 8
1965 1989 6
1965 1990 95
1966 1990 78
1966 1991 -18
1967 1991 17
1967 1992 16
1968 1992 -37
1968 1993 -96
1969 1993 75
1969 1994 88
1970 1994 -96
1970 1995 -30
1971 1995 20
1971 1996 49
1972 1996 -52
1972 1997 12
1973 1997 97
1973 1998 93
1974 1998 -66
1974 1999 -23
1975 1999 43
1975 2000 -56
1976 2000 -88
1976 2001 -50
1977 2002 7
1978 2002 80
1978 2003 71
1979 2003 -70
1979 2004 64
1980 2004 -79
1980 2005 69
1981 2005 -32
1981 2006 -79
1982 2006 -53
1982 2007 49
1983 2007 46
1983 2008 12
1984 2008 98
1984 2009 98
1985 2009 -75
1985 2010 -3
1986 2010 -23
1986 2011 5
1987 2011 60
1987 2012 47
1988 2012 -100
1988 2013 58
1989 2013 -12
1989 2014 78
1990 2014 94
1990 2015 -67
1991 2015 -85
1991 2016 -30
1992 2016 39
1992 2017 -76
1993 2017 89
1993 2018 -69
1994 2018 -90
1994 2019 -50
1995 2019 3
1995 2020 64
1996 2020 29
1996 2021 -11
1997 2021 -55
1997 2022 -5
1998 2022 -18
1998 2023 31
1999 2023 36
1999 2024 38
2000 2024 -58
2000 2025 -100
2001 2025 18
2001 2026 82
2002 2027 -9
2003 2027 -93
2003 2028 -95
2004 2028 100
2004 2029 32
2005 2029 -94
2005 2030 29
2006 2030 12
2006 2031 51
2007 2031 63
2007 2032 50
2008 2032 67
2008 2033 54
2009 2033 45
2009 2034 59
2010 2034 -88
2010 2035 -39
2011 2035 34
2011 2036 26
2012 2036 28
2012 2037 66
2013 2037 -16
2013 2038 1
2014 2038 -53
2014 2039 99
2015 2039 41
2015 2040 -93
2016 2040 60
2016 2041 -94
2017 2041 -35
2017 2042 -71
2018 2042 -99
2018 2043 -22
2019 2043 71
2019 2044 53
2020 2044 96
2020 2045 94
2021 2045 -90
2021 2046 -95
2022 2046 73
2022 2047 -78
2023 2047 70
2023 2048 -46
2024 2048 -78
2024 2049 -2
2025 2049 -59
2025 2050 57
2026 2050 -83
2026 2051 -2
2027 2052 0
2028 2052 2
2028 2053 -36
2029 2053 -80
2029 2054 49
2030 2054 88
2030 2055 -96
2031 2055 16
2031 2056 100
2032 2056 -58
2032 2057 44
2033 2057 85
2033 2058 -21
2034 2058 -4
2034 2059 -73
2035 2059 37
2035 2060 -82
2036 2060 19
2036 2061 67
2037 2061 -37
2037 2062 -3
2038 2062 9
2038 2063 76
2039 2063 96
2039 2064 -27
2040 2064 -34
2040 2065 46
2041 2065 -93
2041 2066 -50
2042 2066 -62
2042 2067 -94
2043 2067 -95
2043 2068 60
2044 2068 99
2044 2069 98
2045 2069 87
2045 2070 -5
2046 2070 -9
2046 2071 56
2047 2071 86
2047 2072 -21
2048 2072 82
2048 2073 93
2049 2073 97
2049 2074 -95
2050 2074 -78
2050 2075 97
2051 2075 30
2051 2076 -9
2052 2077 11
2053 2077 -31
2053 2078 -13
2054 2078 -62
2054 2079 99
2055 2079 -98
2055 2080 -1
2056 2080 41
2056 2081 -34
2057 2081 -80
2057 2082 58
2058 2082 -54
2058 2083 41
2059 2083 -62
2059 2084 -3
2060 2084 -9
2060 2085 31
2061 2085 49
2061 2086 34
2062 2086 93
2062 2087 -48
2063 2087 -72
2063 2088 95
2064 2088 24
2064 2089 36
2065 2089 100
2065 2090 67
2066 2090 -58
2066 2091 -80
2067 2091 -38
2067 2092 30
2068 2092 80
2068 2093 -12
2069 2093 25
2069 2094 48
2070 2094 88
2070 2095 -88
2071 2095 -97
2071 2096 15
2072 2096 63
2072 2097 39
2073 2097 30
2073 2098 -13
2074 2098 80
2074 2099 73
2075 2099 -23
2075 2100 -15
2076 2100 47
2076 2101 59
2077 2102 -6
2078 2102 26
2078 2103 96
2079 2103 -62
2079 2104 72
2080 2104 75
2080 2105 -82
2081 2105 41
2081 2106 29
2082 2106 -41
2082 2107 -27
2083 2107 -65
2083 2108 -32
2084 2108 -63
2084 2109 -96
2085 2109 -22
2085 2110 21
2086 2110 -39
2086 2111 -39
2087 2111 -73
2087 2112 58
2088 2112 -25
2088 2113 -68
2089 2113 -7
2089 2114 -2
2090 2114 -88
2090 2115 -65
2091 2115 -73
2091 2116 -95
2092 2116 -43
2092 2117 81
2093 2117 92
2093 2118 -51
2094 2118 -35
2094 2119 -44
2095 2119 -32
2095 2120 24
2096 2120 -61
2096 2121 -82
2097 2121 -80
2097 2122 13
2098 2122 -29
2098 2123 29
2099 2123 94
2099 2124 38
2100 2124 -22
2100 2125 90
2101 2125 1
2101 2126 60
2102 2127 23
2103 2127 46
2103 2128 -15
2104 2128 -99
2104 2129 24
2105 2129 78
2105 2130 22
2106 2130 22
2106 2131 17
2107 2131 -45
2107 2132 -11
2108 2132 -76
2108 2133 -39
2109 2133 -37
2109 2134 -18
2110 2134 -57
2110 2135 -12
2111 2135 -11
2111 2136 -38
2112 2136 31
2112 2137 40
2113 2137 -96
2113 2138 72
2114 2138 33
2114 2139 -9
2115 2139 -89
2115 2140 -65
2116 2140 -47
2116 2141 33
2117 2141 -66
2117 2142 30
2118 2142 36
2118 2143 81
2119 2143 -35
2119 2144 -89
2120 2144 -39
2120 2145 29
2121 2145 2
2121 2146 44
2122 2146 84
2122 2147 -94
2123 2147 -98
2123 2148 -71
2124 2148 32
2124 2149 85
2125 2149 -87
2125 2150 10
2126 2150 54
2126 2151 51
2127 2152 83
2128 2152 -74
2128 2153 -89
2129 2153 95
2129 2154 48
2130 2154 -51
2130 2155 91
2131 2155 -80
2131 2156 -71
2132 2156 -27
2132 2157 53
2133 2157 91
2133 2158 29
2134 2158 -94
2134 2159 -32
2135 2159 3
2135 2160 -90
2136 2160 -91
2136 2161 6
2137 2161 100
2137 2162 15
2138 2162 18
2138 2163 -74
2139 2163 -18
2139 2164 60
2140 2164 -67
2140 2165 41
2141 2165 -78
2141 2166 30
2142 2166 61
2142 2167 30
2143 2167 -89
2143 2168 -17
2144 2168 54
2144 2169 -41
2145 2169 30
2145 2170 61
2146 2170 -23
2146 2171 -47
2147 2171 83
2147 2172 27
2148 2172 -4
2148 2173 -21
2149 2173 53
2149 2174 84
2150 2174 4
2150 2175 -90
2151 2175 63
2151 2176 59
2152 2177 9
2153 2177 -79
2153 2178 -94
2154 2178 -58
2154 2179 -24
2155 2179 -15
2155 2180 100
2156 2180 27
2156 2181 -20
2157 2181 60
2157 2182 37
2158 2182 -51
2158 2183 -2
2159 2183 42
2159 2184 -82
2160 2184 4
2160 2185 17
2161 2185 6
2161 2186 -25
2162 2186 11
2162 2187 59
2163 2187 17
2163 2188 33
2164 2188 -8
2164 2189 -39
2165 2189 12
2165 2190 77
2166 2190 -99
2166 2191 82
2167 2191 -41
2167 2192 84
2168 2192 -5
2168 2193 77
2169 2193 59
2169 2194 -62
2170 2194 10
2170 2195 -38
2171 2195 -45
2171 2196 21
2172 2196 74
2172 2197 74
2173 2197 52
2173 2198 -21
2174 2198 89
2174 2199 32
2175 2199 37
2175 2200 95
2176 2200 -52
2176 2201 -48
2177 2202 -34
2178 2202 -48
2178 2203 -10
2179 2203 53
2179 2204 -14
2180 2204 -23
2180 2205 -85
2181 2205 64
2181 2206 -38
2182 2206 -85
2182 2207 35
2183 2207 -99
2183 2208 -30
2184 2208 91
2184 2209 82
2185 2209 -9
2185 2210 -96
2186 2210 -35
2186 2211 41
2187 2211 -100
2187 2212 90
2188 2212 12
2188 2213 97
2189 2213 93
2189 2214 -38
2190 2214 41
2190 2215 -62
2191 2215 78
2191 2216 -72
2192 2216 31
2192 2217 67
2193 2217 92
2193 2218 24
2194 2218 -45
2194 2219 -63
2195 2219 19
2195 2220 27
2196 2220 43
2196 2221 -35
2197 2221 3
2197 2222 62
2198 2222 -63
2198 2223 87
2199 2223 -61
2199 2224 -38
2200 2224 66
2200 2225 4
2201 2225 -92
2201 2226 59
2202 2227 13
2203 2227 -4
2203 2228 -51
2204 2228 46
2204 2229 -86
2205 2229 -83
2205 2230 69
2206 2230 -27
2206 2231 89
2207 2231 96
2207 2232 -26
2208 2232 -92
2208 2233 -40
2209 2233 -71
2209 2234 -84
2210 2234 -22
2210 2235 100
2211 2235 87
2211 2236 39
2212 2236 -67
2212 2237 -81
2213 2237 24
2213 2238 5
2214 2238 -13
2214 2239 -28
2215 2239 -6
2215 2240 63
2216 2240 -22
2216 2241 -45
2217 2241 23
2217 2242 58
2218 2242 64
2218 2243 92
2219 2243 -55
2219 2244 -92
2220 2244 35
2220 2245 53
2221 2245 49
2221 2246 15
2222 2246 -64
2222 2247 24
2223 2247 31
2223 2248 70
2224 2248 -34
2224 2249 -66
2225 2249 -99
2225 2250 20
2226 2250 76
2226 2251 56
2227 2252 -64
2228 2252 20
2228 2253 -44
2229 2253 40
2229 2254 -47
2230 2254 7
2230 2255 -47
2231 2255 37
2231 2256 -19
2232 2256 -43
2232 2257 -45
2233 2257 -12
2233 2258 70
2234 2258 -11
2234 2259 -77
2235 2259 -50
2235 2260 -69
2236 2260 85
2236 2261 32
2237 2261 94
2237 2262 -15
2238 2262 32
2238 2263 -28
2239 2263 -42
2239 2264 11
2240 2264 -52
2240 2265 -82
2241 2265 7
2241 2266 -94
2242 2266 9
2242 2267 -87
2243 2267 -12
2243 2268 5
2244 2268 71
2244 2269 -79
2245 2269 -32
2245 2270 -54
2246 2270 -64
2246 2271 -8
2247 2271 14
2247 2272 79
2248 2272 -8
2248 2273 -9
2249 2273 75
2249 2274 -65
2250 2274 69
2250 2275 -2
2251 2275 -40
2251 2276 -66
2252 2277 -74
2253 2277 79
2253 2278 -24
2254 2278 -36
2254 2279 -39
2255 2279 80
2255 2280 19
2256 2280 -7
2256 2281 82
2257 2281 79
2257 2282 32
2258 2282 35
2258 2283 78
2259 2283 48
2259 2284 60
2260 2284 5
2260 2285 23
2261 2285 -53
2261 2286 -25
2262 2286 -90
2262 2287 -1
2263 2287 -3
2263 2288 -92
2264 2288 -43
2264 2289 -15
2265 2289 64
2265 2290 57
2266 2290 75
2266 2291 42
2267 2291 -86
2267 2292 5
2268 2292 44
2268 2293 82
2269 2293 63
2269 2294 -50
2270 2294 -90
2270 2295 9
2271 2295 -25
2271 2296 74
2272 2296 36
2272 2297 -39
2273 2297 81
2273 2298 -57
2274 2298 73
2274 2299 -84
2275 2299 -51
2275 2300 47
2276 2300 57
2276 2301 98
2277 2302 -38
2278 2302 6
2278 2303 24
2279 2303 -25
2279 2304 84
2280 2304 34
2280 2305 82
2281 2305 12
2281 2306 35
2282 2306 -71
2282 2307 91
2283 2307 85
2283 2308 -58
2284 2308 99
2284 2309 -79
2285 2309 72
2285 2310 11
2286 2310 14
2286 2311 -80
2287 2311 73
2287 2312 -1
2288 2312 54
2288 2313 29
2289 2313 30
2289 2314 92
2290 2314 -25
2290 2315 -76
2291 2315 -26
2291 2316 -88
2292 2316 22
2292 2317 -2
2293 2317 -31
2293 2318 6
2294 2318 4
2294 2319 -67
2295 2319 24
2295 2320 62
2296 2320 -29
2296 2321 45
2297 2321 90
2297 2322 46
2298 2322 -4
2298 2323 -99
2299 2323 40
2299 2324 -61
2300 2324 -94
2300 2325 83
2301 2325 58
2301 2326 -76
2302 2327 83
2303 2327 78
2303 2328 -38
2304 2328 -21
2304 2329 -57
2305 2329 -88
2305 2330 6
2306 2330 -46
2306 2331 -70
2307 2331 45
2307 2332 74
2308 2332 89
2308 2333 -40
2309 2333 -60
2309 2334 -89
2310 2334 72
2310 2335 29
2311 2335 -9
2311 2336 -51
2312 2336 69
2312 2337 46
2313 2337 -48
2313 2338 -99
2314 2338 -93
2314 2339 -20
2315 2339 -42
2315 2340 45
2316 2340 20
2316 2341 69
2317 2341 46
2317 2342 -21
2318 2342 -39
2318 2343 -46
2319 2343 -46
2319 2344 -25
2320 2344 56
2320 2345 65
2321 2345 42
2321 2346 9
2322 2346 -36
2322 2347 86
2323 2347 74
2323 2348 85
2324 2348 -48
2324 2349 51
2325 2349 -48
2325 2350 55
2326 2350 -64
2326 2351 -6
2327 2352 -83
2328 2352 7
2328 2353 -68
2329 2353 -34
2329 2354 62
2330 2354 -75
2330 2355 32
2331 2355 80
2331 2356 70
2332 2356 98
2332 2357 -67
2333 2357 -19
2333 2358 98
2334 2358 -92
2334 2359 -87
2335 2359 -91
2335 2360 -21
2336 2360 62
2336 2361 83
2337 2361 -51
2337 2362 -57
2338 2362 37
2338 2363 76
2339 2363 26
2339 2364 -23
2340 2364 82
2340 2365 61
2341 2365 -13
2341 2366 25
2342 2366 53
2342 2367 52
2343 2367 -40
2343 2368 32
2344 2368 -27
2344 2369 58
2345 2369 -56
2345 2370 -1
2346 2370 -65
2346 2371 26
2347 2371 -86
2347 2372 -42
2348 2372 -49
2348 2373 -51
2349 2373 -72
2349 2374 -63
2350 2374 69
2350 2375 42
2351 2375 -43
2351 2376 28
2352 2377 -68
2353 2377 -99
2353 2378 1
2354 2378 80
2354 2379 2
2355 2379 -71
2355 2380 10
2356 2380 91
2356 2381 98
2357 2381 -22
2357 2382 68
2358 2382 -28
2358 2383 2
2359 2383 89
2359 2384 87
2360 2384 50
2360 2385 -70
2361 2385 -60
2361 2386 69
2362 2386 -34
2362 2387 24
2363 2387 55
2363 2388 -27
2364 2388 -11
2364 2389 -3
2365 2389 36
2365 2390 -91
2366 2390 42
2366 2391 52
2367 2391 18
2367 2392 -100
2368 2392 -9
2368 2393 -45
2369 2393 60
2369 2394 -23
2370 2394 -27
2370 2395 75
2371 2395 -89
2371 2396 3
2372 2396 -5
2372 2397 17
2373 2397 -25
2373 2398 -20
2374 2398 -92
2374 2399 73
2375 2399 75
2375 2400 61
2376 2400 -16
2376 2401 35
2377 2402 56
2378 2402 5
2378 2403 78
2379 2403 -98
2379 2404 -33
2380 2404 75
2380 2405 -99
2381 2405 36
2381 2406 40
2382 2406 -2
2382 2407 -15
2383 2407 12
2383 2408 -77
2384 2408 41
2384 2409 86
2385 2409 14
2385 2410 73
2386 2410 98
2386 2411 -48
2387 2411 27
2387 2412 -3
2388 2412 91
2388 2413 -28
2389 2413 -43
2389 2414 -68
2390 2414 42
2390 2415 74
2391 2415 38
2391 2416 82
2392 2416 -44
2392 2417 -72
2393 2417 78
2393 2418 80
2394 2418 -74
2394 2419 82
2395 2419 43
2395 2420 -5
2396 2420 77
2396 2421 -22
2397 2421 -11
2397 2422 25
2398 2422 81
2398 2423 75
2399 2423 -65
2399 2424 80
2400 2424 -94
2400 2425 -61
2401 2425 -5
2401 2426 14
2402 2427 -73
2403 2427 -19
2403 2428 62
2404 2428 44
2404 2429 -89
2405 2429 38
2405 2430 -1
2406 2430 19
2406 2431 43
2407 2431 80
2407 2432 -33
2408 2432 93
2408 2433 69
2409 2433 12
2409 2434 -18
2410 2434 -31
2410 2435 -78
2411 2435 -10
2411 2436 58
2412 2436 93
2412 2437 -90
2413 2437 12
2413 2438 -29
2414 2438 -79
2414 2439 -83
2415 2439 -96
2415 2440 -60
2416 2440 -5
2416 2441 19
2417 2441 7
2417 2442 -1
2418 2442 29
2418 2443 100
2419 2443 -52
2419 2444 -86
2420 2444 -72
2420 2445 -28
2421 2445 -4
2421 2446 -42
2422 2446 -89
2422 2447 -42
2423 2447 -58
2423 2448 12
2424 2448 -45
2424 2449 -23
2425 2449 17
2425 2450 -79
2426 2450 -52
2426 2451 -72
2427 2452 97
2428 2452 -87
2428 2453 56
2429 2453 -90
2429 2454 -33
2430 2454 15
2430 2455 99
2431 2455 50
2431 2456 68
2432 2456 34
2432 2457 67
2433 2457 57
2433 2458 -10
2434 2458 -60
2434 2459 58
2435 2459 -16
2435 2460 72
2436 2460 -93
2436 2461 9
2437 2461 -39
2437 2462 83
2438 2462 37
2438 2463 1
2439 2463 -88
2439 2464 -57
2440 2464 34
2440 2465 30
2441 2465 -84
2441 2466 -50
2442 2466 31
2442 2467 -37
2443 2467 16
2443 2468 81
2444 2468 85
2444 2469 2
2445 2469 74
2445 2470 -79
2446 2470 -48
2446 2471 -31
2447 2471 58
2447 2472 17
2448 2472 52
2448 2473 -38
2449 2473 -63
2449 2474 -12
2450 2474 -45
2450 2475 35
2451 2475 9
2451 2476 12
2452 2477 14
2453 2477 -88
2453 2478 72
2454 2478 74
2454 2479 10
2455 2479 -42
2455 2480 -52
2456 2480 -22
2456 2481 -51
2457 2481 50
2457 2482 60
2458 2482 29
2458 2483 31
2459 2483 -15
2459 2484 -99
2460 2484 -86
2460 2485 -39
2461 2485 4
2461 2486 39
2462 2486 -59
2462 2487 -94
2463 2487 86
2463 2488 -43
2464 2488 -57
2464 2489 -61
2465 2489 -21
2465 2490 23
2466 2490 -27
2466 2491 34
2467 2491 -46
2467 2492 43
2468 2492 -50
2468 2493 39
2469 2493 -66
2469 2494 22
2470 2494 41
2470 2495 -34
2471 2495 -18
2471 2496 -36
2472 2496 75
2472 2497 99
2473 2497 6
2473 2498 10
2474 2498 10
2474 2499 10
2475 2499 73
2475 2500 -54
2476 2500 82
2476 2501 90
2477 2502 9
2478 2502 -74
2478 2503 -40
2479 2503 12
2479 2504 -9
2480 2504 -78
2480 2505 -83
2481 2505 20
2481 2506 -32
2482 2506 82
2482 2507 1
2483 2507 78
2483 2508 -67
2484 2508 -63
2484 2509 -6
2485 2509 83
2485 2510 48
2486 2510 54
2486 2511 64
2487 2511 -23
2487 2512 -32
2488 2512 71
2488 2513 11
2489 2513 23
2489 2514 20
2490 2514 51
2490 2515 66
2491 2515 -27
2491 2516 -7
2492 2516 -44
2492 2517 0
2493 2517 -29
2493 2518 -89
2494 2518 -72
2494 2519 44
2495 2519 97
2495 2520 98
2496 2520 69
2496 2521 -24
2497 2521 -6
2497 2522 -31
2498 2522 -88
2498 2523 -31
2499 2523 -14
2499 2524 -16
2500 2524 23
2500 2525 -74
2501 2525 95
2501 2526 5
2502 2527 59
2503 2527 12
2504 2527 -28
2505 2527 -92
2506 2527 39
2507 2527 8
2508 2527 -73
2509 2527 92
2510 2527 0
2511 2527 -86
2512 2527 -87
2513 2527 13
2514 2527 29
2515 2527 28
2516 2527 -43
2517 2527 54
2518 2527 -34
2519 2527 -36
2520 2527 -58
2521 2527 -82
2522 2527 25
2523 2527 67
2524 2527 75
2525 2527 85
2526 2527 23
2 1
1 2 -1
