5
2527 4952
1 2 72
1 3 83
1 4 3
1 5 29
1 6 -41
1 7 -97
1 8 68
1 9 -48
1 10 57
1 11 36
1 12 16
1 13 43
1 14 -35
1 15 13
1 16 -3
1 17 -32
1 18 -38
1 19 -38
1 20 -25
1 21 -53
1 22 63
1 23 56
1 24 -44
1 25 28
1 26 20
2 27 -52
3 27 -59
3 28 92
4 28 11
4 29 -3
5 29 82
5 30 22
6 30 79
6 31 -88
7 31 -61
7 32 19
8 32 24
8 33 84
9 33 39
9 34 22
10 34 22
10 35 -30
11 35 30
11 36 -64
12 36 90
12 37 5
13 37 99
13 38 -1
14 38 -57
14 39 -19
15 39 74
15 40 -48
16 40 -4
16 41 -31
17 41 -75
17 42 78
18 42 46
18 43 -1
19 43 70
19 44 -9
20 44 -15
20 45 -90
21 45 46
21 46 -90
22 46 -83
22 47 82
23 47 41
23 48 -13
24 48 37
24 49 -29
25 49 42
25 50 -88
26 50 42
26 51 20
27 52 -98
28 52 -57
28 53 62
29 53 -66
29 54 27
30 54 -46
30 55 -64
31 55 -54
31 56 -95
32 56 -70
32 57 -17
33 57 0
33 58 -92
34 58 -43
34 59 -39
35 59 -22
35 60 -12
36 60 -43
36 61 52
37 61 95
37 62 58
38 62 -8
38 63 -15
39 63 -74
39 64 -25
40 64 -31
40 65 5
41 65 -84
41 66 83
42 66 20
42 67 -10
43 67 42
43 68 37
44 68 -37
44 69 95
45 69 50
45 70 57
46 70 -27
46 71 100
47 71 86
47 72 -31
48 72 78
48 73 69
49 73 -26
49 74 77
50 74 72
50 75 98
51 75 90
51 76 -50
52 77 -76
53 77 80
53 78 -28
54 78 63
54 79 -99
55 79 -65
55 80 -16
56 80 89
56 81 47
57 81 -76
57 82 -34
58 82 88
58 83 -40
59 83 -65
59 84 -14
60 84 7
60 85 5
61 85 92
61 86 -31
62 86 67
62 87 46
63 87 -44
63 88 15
64 88 -17
64 89 -71
65 89 -93
65 90 -90
66 90 -26
66 91 -90
67 91 88
67 92 69
68 92 -20
68 93 89
69 93 -9
69 94 61
70 94 6
70 95 62
71 95 0
71 96 -81
72 96 -94
72 97 -90
73 97 20
73 98 15
74 98 -83
74 99 -4
75 99 86
75 100 24
76 100 -6
76 101 -41
77 102 61
78 102 16
78 103 82
79 103 -25
79 104 -75
80 104 37
80 105 -71
81 105 -45
81 106 50
82 106 -7
82 107 -51
83 107 18
83 108 -91
84 108 95
84 109 39
85 109 96
85 110 47
86 110 -61
86 111 49
87 111 -76
87 112 8
88 112 99
88 113 74
89 113 3
89 114 87
90 114 2
90 115 44
91 115 28
91 116 52
92 116 -7
92 117 -82
93 117 80
93 118 -81
94 118 -59
94 119 100
95 119 54
95 120 25
96 120 53
96 121 19
97 121 -90
97 122 87
98 122 73
98 123 33
99 123 41
99 124 76
100 124 -86
100 125 -57
101 125 27
101 126 -37
102 127 -36
103 127 4
103 128 34
104 128 83
104 129 97
105 129 12
105 130 -71
106 130 11
106 131 -100
107 131 75
107 132 4
108 132 -66
108 133 48
109 133 -17
109 134 -49
110 134 -89
110 135 1
111 135 16
111 136 -45
112 136 52
112 137 79
113 137 -89
113 138 57
114 138 -51
114 139 -8
115 139 -31
115 140 -44
116 140 -98
116 141 -4
117 141 -51
117 142 12
118 142 -38
118 143 55
119 143 -35
119 144 -77
120 144 -71
120 145 -39
121 145 -9
121 146 -56
122 146 -11
122 147 64
123 147 23
123 148 77
124 148 -60
124 149 92
125 149 65
125 150 -98
126 150 -14
126 151 -11
127 152 -20
128 152 -95
128 153 37
129 153 -87
129 154 -59
130 154 -39
130 155 -98
131 155 19
131 156 54
132 156 -39
132 157 -25
133 157 -73
133 158 -24
134 158 56
134 159 -90
135 159 36
135 160 6
136 160 -95
136 161 81
137 161 58
137 162 32
138 162 -44
138 163 -41
139 163 72
139 164 52
140 164 60
140 165 -87
141 165 19
141 166 -54
142 166 -50
142 167 15
143 167 11
143 168 53
144 168 -69
144 169 -69
145 169 -81
145 170 58
146 170 -69
146 171 -9
147 171 -23
147 172 -63
148 172 -38
148 173 1
149 173 90
149 174 -79
150 174 24
150 175 -45
151 175 99
151 176 83
152 177 69
153 177 -81
153 178 59
154 178 -60
154 179 85
155 179 -2
155 180 -50
156 180 -93
156 181 -43
157 181 87
157 182 36
158 182 -9
158 183 9
159 183 3
159 184 59
160 184 -88
160 185 -77
161 185 -77
161 186 -22
162 186 0
162 187 84
163 187 0
163 188 -32
164 188 59
164 189 55
165 189 -11
165 190 -91
166 190 13
166 191 91
167 191 7
167 192 -42
168 192 78
168 193 32
169 193 97
169 194 51
170 194 7
170 195 -28
171 195 28
171 196 -82
172 196 -92
172 197 -36
173 197 -7
173 198 74
174 198 -88
174 199 23
175 199 34
175 200 -6
176 200 75
176 201 -65
177 202 2
178 202 -38
178 203 29
179 203 25
179 204 -34
180 204 44
180 205 -84
181 205 -18
181 206 7
182 206 37
182 207 68
183 207 -58
183 208 11
184 208 51
184 209 -40
185 209 7
185 210 37
186 210 -95
186 211 64
187 211 -33
187 212 59
188 212 -11
188 213 11
189 213 44
189 214 -21
190 214 97
190 215 -93
191 215 -81
191 216 -48
192 216 -14
192 217 88
193 217 10
193 218 -36
194 218 -53
194 219 -14
195 219 80
195 220 13
196 220 -1
196 221 -83
197 221 25
197 222 14
198 222 54
198 223 2
199 223 71
199 224 96
200 224 -82
200 225 -10
201 225 -52
201 226 -54
202 227 45
203 227 -94
203 228 -42
204 228 81
204 229 24
205 229 -13
205 230 -77
206 230 -40
206 231 -81
207 231 47
207 232 98
208 232 -77
208 233 86
209 233 -33
209 234 87
210 234 31
210 235 69
211 235 -21
211 236 13
212 236 40
212 237 -45
213 237 71
213 238 -47
214 238 -27
214 239 1
215 239 69
215 240 63
216 240 56
216 241 79
217 241 90
217 242 18
218 242 58
218 243 50
219 243 -56
219 244 -48
220 244 -24
220 245 -34
221 245 -15
221 246 -100
222 246 -60
222 247 15
223 247 69
223 248 97
224 248 -60
224 249 -45
225 249 89
225 250 -36
226 250 7
226 251 73
227 252 6
228 252 -63
228 253 -76
229 253 -50
229 254 19
230 254 -79
230 255 71
231 255 -40
231 256 -1
232 256 -16
232 257 -60
233 257 -3
233 258 -35
234 258 35
234 259 85
235 259 -75
235 260 77
236 260 83
236 261 45
237 261 52
237 262 -82
238 262 -43
238 263 -75
239 263 -28
239 264 32
240 264 52
240 265 50
241 265 -48
241 266 25
242 266 88
242 267 38
243 267 73
243 268 17
244 268 -95
244 269 48
245 269 -26
245 270 29
246 270 -58
246 271 -8
247 271 -4
247 272 -33
248 272 -93
248 273 -38
249 273 -63
249 274 71
250 274 35
250 275 -20
251 275 -77
251 276 -61
252 277 67
253 277 33
253 278 -59
254 278 -64
254 279 -48
255 279 -81
255 280 -94
256 280 31
256 281 9
257 281 -1
257 282 -5
258 282 75
258 283 -35
259 283 -39
259 284 16
260 284 92
260 285 -54
261 285 35
261 286 58
262 286 78
262 287 -30
263 287 31
263 288 -83
264 288 -38
264 289 72
265 289 -33
265 290 -30
266 290 -37
266 291 14
267 291 79
267 292 -43
268 292 69
268 293 -5
269 293 -33
269 294 61
270 294 -32
270 295 73
271 295 -90
271 296 -84
272 296 88
272 297 -30
273 297 62
273 298 10
274 298 96
274 299 -6
275 299 -49
275 300 -89
276 300 -42
276 301 -83
277 302 94
278 302 -56
278 303 94
279 303 -91
279 304 20
280 304 87
280 305 6
281 305 -72
281 306 -85
282 306 17
282 307 -86
283 307 19
283 308 81
284 308 85
284 309 -13
285 309 92
285 310 99
286 310 8
286 311 -1
287 311 56
287 312 60
288 312 -44
288 313 -96
289 313 -51
289 314 -12
290 314 20
290 315 20
291 315 -17
291 316 -43
292 316 7
292 317 -50
293 317 56
293 318 -25
294 318 -76
294 319 26
295 319 16
295 320 -59
296 320 18
296 321 4
297 321 -71
297 322 -25
298 322 -31
298 323 66
299 323 -12
299 324 1
300 324 -73
300 325 -40
301 325 -13
301 326 77
302 327 15
303 327 42
303 328 -95
304 328 94
304 329 71
305 329 -70
305 330 -28
306 330 -71
306 331 79
307 331 -43
307 332 9
308 332 -41
308 333 -52
309 333 -42
309 334 39
310 334 38
310 335 -47
311 335 92
311 336 44
312 336 -77
312 337 -65
313 337 58
313 338 -10
314 338 10
314 339 18
315 339 -51
315 340 52
316 340 -84
316 341 -82
317 341 -97
317 342 -78
318 342 -65
318 343 15
319 343 83
319 344 -90
320 344 69
320 345 84
321 345 82
321 346 -72
322 346 26
322 347 -62
323 347 11
323 348 -89
324 348 -66
324 349 -100
325 349 -93
325 350 53
326 350 -23
326 351 84
327 352 -62
328 352 65
328 353 7
329 353 -38
329 354 -20
330 354 77
330 355 22
331 355 57
331 356 38
332 356 28
332 357 99
333 357 11
333 358 -84
334 358 -17
334 359 -38
335 359 -36
335 360 38
336 360 60
336 361 -69
337 361 11
337 362 65
338 362 60
338 363 76
339 363 60
339 364 -49
340 364 66
340 365 -14
341 365 0
341 366 94
342 366 14
342 367 66
343 367 13
343 368 -90
344 368 -54
344 369 28
345 369 18
345 370 61
346 370 -83
346 371 -48
347 371 92
347 372 -35
348 372 -63
348 373 40
349 373 -9
349 374 -27
350 374 46
350 375 17
351 375 40
351 376 -12
352 377 42
353 377 76
353 378 -87
354 378 6
354 379 -25
355 379 -91
355 380 24
356 380 64
356 381 36
357 381 -51
357 382 -82
358 382 -84
358 383 -91
359 383 -25
359 384 14
360 384 44
360 385 66
361 385 76
361 386 15
362 386 -28
362 387 96
363 387 92
363 388 19
364 388 11
364 389 -87
365 389 -42
365 390 -29
366 390 52
366 391 75
367 391 -62
367 392 -11
368 392 -96
368 393 -81
369 393 85
369 394 -91
370 394 17
370 395 9
371 395 -76
371 396 92
372 396 65
372 397 84
373 397 95
373 398 70
374 398 91
374 399 92
375 399 -75
375 400 61
376 400 -35
376 401 -1
377 402 42
378 402 22
378 403 -35
379 403 -43
379 404 5
380 404 61
380 405 47
381 405 -48
381 406 -11
382 406 -35
382 407 -24
383 407 -95
383 408 23
384 408 -93
384 409 23
385 409 76
385 410 -24
386 410 37
386 411 -88
387 411 -98
387 412 80
388 412 -60
388 413 -66
389 413 77
389 414 67
390 414 -22
390 415 -28
391 415 87
391 416 -71
392 416 78
392 417 -62
393 417 -84
393 418 93
394 418 24
394 419 30
395 419 52
395 420 -1
396 420 -82
396 421 -45
397 421 -12
397 422 -38
398 422 83
398 423 -16
399 423 44
399 424 91
400 424 -72
400 425 -31
401 425 60
401 426 -94
402 427 96
403 427 99
403 428 0
404 428 76
404 429 54
405 429 -7
405 430 14
406 430 -73
406 431 -9
407 431 -98
407 432 80
408 432 69
408 433 1
409 433 47
409 434 -27
410 434 55
410 435 -3
411 435 25
411 436 -21
412 436 75
412 437 -38
413 437 -90
413 438 48
414 438 -14
414 439 -94
415 439 65
415 440 39
416 440 100
416 441 29
417 441 -36
417 442 37
418 442 -97
418 443 57
419 443 -6
419 444 -97
420 444 54
420 445 88
421 445 -18
421 446 14
422 446 -15
422 447 80
423 447 -87
423 448 -65
424 448 -34
424 449 6
425 449 -11
425 450 92
426 450 59
426 451 -70
427 452 -26
428 452 16
428 453 -94
429 453 94
429 454 24
430 454 -80
430 455 64
431 455 -68
431 456 18
432 456 -79
432 457 98
433 457 -65
433 458 79
434 458 -49
434 459 -90
435 459 67
435 460 4
436 460 -73
436 461 8
437 461 -64
437 462 53
438 462 22
438 463 69
439 463 -50
439 464 -73
440 464 28
440 465 -95
441 465 21
441 466 32
442 466 88
442 467 37
443 467 -49
443 468 -9
444 468 11
444 469 -82
445 469 -86
445 470 -57
446 470 -25
446 471 29
447 471 -10
447 472 -40
448 472 -61
448 473 -91
449 473 3
449 474 -16
450 474 76
450 475 -85
451 475 17
451 476 -33
452 477 80
453 477 -21
453 478 -90
454 478 -3
454 479 -59
455 479 63
455 480 -9
456 480 -1
456 481 -90
457 481 79
457 482 -72
458 482 95
458 483 -5
459 483 -28
459 484 52
460 484 82
460 485 27
461 485 -9
461 486 53
462 486 -39
462 487 -18
463 487 91
463 488 67
464 488 -36
464 489 15
465 489 71
465 490 56
466 490 75
466 491 -44
467 491 -59
467 492 47
468 492 8
468 493 -89
469 493 -27
469 494 -59
470 494 39
470 495 -40
471 495 32
471 496 94
472 496 10
472 497 -11
473 497 51
473 498 -25
474 498 -95
474 499 38
475 499 -95
475 500 91
476 500 25
476 501 -24
477 502 18
478 502 76
478 503 13
479 503 79
479 504 -93
480 504 -77
480 505 -45
481 505 -12
481 506 -33
482 506 -95
482 507 -84
483 507 -51
483 508 -32
484 508 -86
484 509 31
485 509 98
485 510 -68
486 510 -63
486 511 -12
487 511 4
487 512 -76
488 512 76
488 513 57
489 513 9
489 514 39
490 514 -80
490 515 92
491 515 -1
491 516 90
492 516 -9
492 517 -88
493 517 -68
493 518 85
494 518 10
494 519 -28
495 519 62
495 520 21
496 520 53
496 521 57
497 521 68
497 522 -19
498 522 -46
498 523 62
499 523 80
499 524 -25
500 524 0
500 525 -80
501 525 -14
501 526 -88
502 527 58
503 527 88
503 528 40
504 528 -5
504 529 -87
505 529 -64
505 530 -3
506 530 -27
506 531 34
507 531 42
507 532 3
508 532 -16
508 533 76
509 533 21
509 534 -93
510 534 90
510 535 -48
511 535 -3
511 536 67
512 536 42
512 537 40
513 537 33
513 538 -21
514 538 -43
514 539 -43
515 539 -90
515 540 -80
516 540 -5
516 541 -70
517 541 12
517 542 -38
518 542 64
518 543 85
519 543 -50
519 544 54
520 544 66
520 545 -66
521 545 85
521 546 45
522 546 41
522 547 -74
523 547 6
523 548 0
524 548 95
524 549 42
525 549 -23
525 550 -37
526 550 -39
526 551 -87
527 552 2
528 552 74
528 553 91
529 553 19
529 554 -26
530 554 35
530 555 -37
531 555 -100
531 556 -44
532 556 52
532 557 25
533 557 40
533 558 -91
534 558 1
534 559 -99
535 559 35
535 560 33
536 560 -42
536 561 -76
537 561 69
537 562 -32
538 562 -61
538 563 -60
539 563 39
539 564 72
540 564 96
540 565 67
541 565 -80
541 566 -17
542 566 36
542 567 -50
543 567 76
543 568 7
544 568 96
544 569 -67
545 569 90
545 570 100
546 570 -56
546 571 67
547 571 76
547 572 7
548 572 -23
548 573 -59
549 573 -77
549 574 -99
550 574 -91
550 575 98
551 575 -57
551 576 35
552 577 16
553 577 -95
553 578 -3
554 578 12
554 579 -67
555 579 52
555 580 59
556 580 -77
556 581 33
557 581 -82
557 582 -11
558 582 -21
558 583 -73
559 583 -75
559 584 4
560 584 51
560 585 -89
561 585 -51
561 586 -56
562 586 97
562 587 -90
563 587 53
563 588 23
564 588 79
564 589 -90
565 589 -20
565 590 64
566 590 -3
566 591 10
567 591 -9
567 592 76
568 592 -50
568 593 -66
569 593 72
569 594 89
570 594 -48
570 595 89
571 595 40
571 596 -88
572 596 -21
572 597 -63
573 597 15
573 598 -14
574 598 -11
574 599 32
575 599 70
575 600 63
576 600 31
576 601 -8
577 602 -28
578 602 5
578 603 83
579 603 74
579 604 -58
580 604 -39
580 605 96
581 605 -39
581 606 51
582 606 70
582 607 12
583 607 5
583 608 52
584 608 -33
584 609 -3
585 609 -22
585 610 -97
586 610 40
586 611 -26
587 611 -72
587 612 -95
588 612 -14
588 613 13
589 613 66
589 614 -63
590 614 16
590 615 49
591 615 -16
591 616 -46
592 616 -32
592 617 -22
593 617 -34
593 618 39
594 618 8
594 619 11
595 619 -72
595 620 -95
596 620 -36
596 621 -8
597 621 -25
597 622 -12
598 622 -98
598 623 -95
599 623 -24
599 624 -44
600 624 86
600 625 13
601 625 93
601 626 -56
602 627 -24
603 627 -7
603 628 -58
604 628 -28
604 629 30
605 629 -2
605 630 37
606 630 8
606 631 11
607 631 -31
607 632 40
608 632 23
608 633 46
609 633 -2
609 634 49
610 634 -9
610 635 -39
611 635 -39
611 636 -30
612 636 -94
612 637 30
613 637 4
613 638 71
614 638 71
614 639 54
615 639 70
615 640 15
616 640 -80
616 641 -66
617 641 -34
617 642 63
618 642 -98
618 643 -57
619 643 39
619 644 -8
620 644 -58
620 645 -56
621 645 69
621 646 13
622 646 -100
622 647 30
623 647 49
623 648 67
624 648 46
624 649 -19
625 649 -66
625 650 -38
626 650 38
626 651 -34
627 652 -11
628 652 -49
628 653 -50
629 653 -44
629 654 -58
630 654 46
630 655 28
631 655 54
631 656 24
632 656 13
632 657 77
633 657 40
633 658 64
634 658 -77
634 659 52
635 659 -51
635 660 64
636 660 74
636 661 99
637 661 59
637 662 17
638 662 0
638 663 -100
639 663 -41
639 664 -53
640 664 23
640 665 -33
641 665 -39
641 666 -5
642 666 72
642 667 -17
643 667 88
643 668 61
644 668 -85
644 669 -79
645 669 -68
645 670 12
646 670 69
646 671 -90
647 671 1
647 672 -84
648 672 -97
648 673 20
649 673 30
649 674 -3
650 674 -99
650 675 -42
651 675 -98
651 676 -38
652 677 -48
653 677 39
653 678 33
654 678 59
654 679 29
655 679 -95
655 680 -35
656 680 30
656 681 74
657 681 -80
657 682 85
658 682 64
658 683 46
659 683 -98
659 684 33
660 684 78
660 685 -36
661 685 98
661 686 89
662 686 -27
662 687 63
663 687 48
663 688 -6
664 688 -27
664 689 -7
665 689 26
665 690 52
666 690 -82
666 691 -2
667 691 13
667 692 21
668 692 92
668 693 54
669 693 43
669 694 79
670 694 29
670 695 -54
671 695 98
671 696 -90
672 696 34
672 697 -92
673 697 -69
673 698 -37
674 698 61
674 699 65
675 699 -58
675 700 -63
676 700 41
676 701 -50
677 702 78
678 702 31
678 703 61
679 703 83
679 704 58
680 704 -96
680 705 54
681 705 -67
681 706 -94
682 706 8
682 707 -91
683 707 14
683 708 -98
684 708 100
684 709 -54
685 709 -83
685 710 44
686 710 62
686 711 0
687 711 92
687 712 -55
688 712 -82
688 713 -67
689 713 -56
689 714 -35
690 714 3
690 715 -8
691 715 39
691 716 -55
692 716 -59
692 717 -21
693 717 -70
693 718 89
694 718 37
694 719 32
695 719 45
695 720 -71
696 720 -93
696 721 78
697 721 -6
697 722 -77
698 722 49
698 723 -89
699 723 -93
699 724 -13
700 724 -87
700 725 -34
701 725 -70
701 726 74
702 727 -39
703 727 9
703 728 13
704 728 -98
704 729 -63
705 729 78
705 730 -85
706 730 -61
706 731 -18
707 731 76
707 732 -31
708 732 80
708 733 -47
709 733 -25
709 734 -86
710 734 -43
710 735 9
711 735 22
711 736 -15
712 736 37
712 737 -25
713 737 -20
713 738 9
714 738 2
714 739 -9
715 739 -36
715 740 89
716 740 46
716 741 98
717 741 -24
717 742 4
718 742 31
718 743 -29
719 743 41
719 744 -85
720 744 9
720 745 -16
721 745 -86
721 746 6
722 746 98
722 747 -9
723 747 92
723 748 17
724 748 3
724 749 -25
725 749 -44
725 750 89
726 750 -71
726 751 -41
727 752 -3
728 752 -88
728 753 67
729 753 -3
729 754 82
730 754 42
730 755 -14
731 755 68
731 756 52
732 756 -88
732 757 34
733 757 8
733 758 44
734 758 -21
734 759 -61
735 759 -62
735 760 47
736 760 -16
736 761 48
737 761 14
737 762 -60
738 762 95
738 763 74
739 763 -34
739 764 74
740 764 97
740 765 -27
741 765 -65
741 766 58
742 766 34
742 767 76
743 767 -74
743 768 66
744 768 72
744 769 84
745 769 -57
745 770 -30
746 770 -61
746 771 30
747 771 58
747 772 98
748 772 -18
748 773 36
749 773 18
749 774 34
750 774 8
750 775 56
751 775 88
751 776 -90
752 777 -77
753 777 -22
753 778 -92
754 778 66
754 779 60
755 779 -67
755 780 63
756 780 -80
756 781 -73
757 781 -100
757 782 77
758 782 91
758 783 -12
759 783 -46
759 784 4
760 784 40
760 785 -72
761 785 99
761 786 -1
762 786 84
762 787 -34
763 787 -92
763 788 10
764 788 59
764 789 -96
765 789 -22
765 790 -83
766 790 -52
766 791 -19
767 791 10
767 792 -70
768 792 72
768 793 -49
769 793 51
769 794 -98
770 794 -43
770 795 33
771 795 -77
771 796 64
772 796 84
772 797 66
773 797 62
773 798 -98
774 798 40
774 799 34
775 799 -87
775 800 -91
776 800 -62
776 801 1
777 802 -35
778 802 29
778 803 -62
779 803 -99
779 804 -67
780 804 -79
780 805 -80
781 805 31
781 806 75
782 806 -43
782 807 41
783 807 -22
783 808 -57
784 808 -47
784 809 70
785 809 -91
785 810 -38
786 810 -4
786 811 65
787 811 -70
787 812 -64
788 812 73
788 813 19
789 813 -42
789 814 31
790 814 -17
790 815 -44
791 815 31
791 816 57
792 816 29
792 817 52
793 817 12
793 818 94
794 818 -30
794 819 -16
795 819 -67
795 820 10
796 820 23
796 821 -21
797 821 94
797 822 93
798 822 -60
798 823 -88
799 823 39
799 824 78
800 824 91
800 825 100
801 825 12
801 826 43
802 827 -35
803 827 12
803 828 77
804 828 -18
804 829 -96
805 829 94
805 830 86
806 830 23
806 831 -69
807 831 64
807 832 -18
808 832 -78
808 833 -26
809 833 39
809 834 32
810 834 44
810 835 28
811 835 15
811 836 0
812 836 -79
812 837 -98
813 837 -45
813 838 -64
814 838 -33
814 839 -95
815 839 17
815 840 17
816 840 17
816 841 -52
817 841 -95
817 842 55
818 842 -51
818 843 53
819 843 -98
819 844 78
820 844 29
820 845 -11
821 845 -53
821 846 -41
822 846 -53
822 847 39
823 847 40
823 848 -78
824 848 -92
824 849 -32
825 849 97
825 850 4
826 850 82
826 851 68
827 852 31
828 852 -33
828 853 14
829 853 2
829 854 -48
830 854 53
830 855 24
831 855 -79
831 856 -73
832 856 6
832 857 15
833 857 -51
833 858 -91
834 858 -12
834 859 39
835 859 -22
835 860 52
836 860 26
836 861 -1
837 861 -14
837 862 -36
838 862 60
838 863 39
839 863 73
839 864 31
840 864 -39
840 865 -78
841 865 79
841 866 -77
842 866 -76
842 867 3
843 867 95
843 868 -12
844 868 -89
844 869 -40
845 869 -72
845 870 19
846 870 56
846 871 71
847 871 -55
847 872 26
848 872 -43
848 873 -28
849 873 -67
849 874 -27
850 874 2
850 875 1
851 875 -76
851 876 -5
852 877 -42
853 877 -1
853 878 3
854 878 18
854 879 -89
855 879 -70
855 880 -14
856 880 44
856 881 -20
857 881 -21
857 882 -82
858 882 63
858 883 46
859 883 43
859 884 -95
860 884 -99
860 885 75
861 885 -45
861 886 -7
862 886 92
862 887 52
863 887 67
863 888 -12
864 888 -39
864 889 14
865 889 -21
865 890 99
866 890 -59
866 891 41
867 891 17
867 892 90
868 892 -53
868 893 0
869 893 -39
869 894 78
870 894 0
870 895 -65
871 895 11
871 896 -53
872 896 54
872 897 7
873 897 -17
873 898 -61
874 898 -71
874 899 12
875 899 69
875 900 37
876 900 -84
876 901 19
877 902 50
878 902 68
878 903 11
879 903 87
879 904 -15
880 904 21
880 905 30
881 905 -45
881 906 83
882 906 -6
882 907 87
883 907 -74
883 908 61
884 908 -56
884 909 85
885 909 37
885 910 -80
886 910 -90
886 911 -56
887 911 -82
887 912 -7
888 912 45
888 913 66
889 913 -26
889 914 -2
890 914 -59
890 915 -68
891 915 19
891 916 -92
892 916 -84
892 917 -62
893 917 -36
893 918 96
894 918 32
894 919 -39
895 919 56
895 920 -13
896 920 -81
896 921 36
897 921 32
897 922 -41
898 922 -42
898 923 -92
899 923 -71
899 924 -83
900 924 -96
900 925 -74
901 925 40
901 926 50
902 927 -99
903 927 63
903 928 77
904 928 -33
904 929 50
905 929 34
905 930 32
906 930 42
906 931 -4
907 931 24
907 932 58
908 932 -58
908 933 -14
909 933 96
909 934 14
910 934 36
910 935 -98
911 935 -36
911 936 -28
912 936 63
912 937 -100
913 937 -37
913 938 -22
914 938 2
914 939 -32
915 939 62
915 940 33
916 940 49
916 941 -54
917 941 94
917 942 -17
918 942 -62
918 943 -39
919 943 4
919 944 -96
920 944 -10
920 945 39
921 945 -89
921 946 -48
922 946 -81
922 947 -99
923 947 -21
923 948 48
924 948 36
924 949 -20
925 949 22
925 950 -99
926 950 -66
926 951 38
927 952 -38
928 952 -60
928 953 -89
929 953 84
929 954 -53
930 954 61
930 955 44
931 955 32
931 956 13
932 956 15
932 957 -37
933 957 36
933 958 37
934 958 79
934 959 -33
935 959 -65
935 960 -16
936 960 81
936 961 17
937 961 44
937 962 52
938 962 -80
938 963 -69
939 963 37
939 964 -81
940 964 97
940 965 -74
941 965 1
941 966 -25
942 966 -80
942 967 79
943 967 86
943 968 50
944 968 -62
944 969 -47
945 969 6
945 970 -77
946 970 -20
946 971 -61
947 971 -52
947 972 -34
948 972 83
948 973 -53
949 973 -52
949 974 45
950 974 86
950 975 -73
951 975 53
951 976 23
952 977 28
953 977 -10
953 978 64
954 978 69
954 979 -23
955 979 -59
955 980 48
956 980 -27
956 981 5
957 981 -82
957 982 -12
958 982 -81
958 983 -73
959 983 60
959 984 67
960 984 50
960 985 2
961 985 90
961 986 38
962 986 -69
962 987 41
963 987 -43
963 988 -47
964 988 29
964 989 -15
965 989 -38
965 990 -35
966 990 -95
966 991 -3
967 991 81
967 992 -65
968 992 -23
968 993 77
969 993 -25
969 994 -7
970 994 92
970 995 -45
971 995 -13
971 996 -93
972 996 -59
972 997 66
973 997 -37
973 998 -97
974 998 -48
974 999 -78
975 999 31
975 1000 -93
976 1000 -92
976 1001 -78
977 1002 72
978 1002 -67
978 1003 -33
979 1003 90
979 1004 -61
980 1004 15
980 1005 6
981 1005 25
981 1006 99
982 1006 53
982 1007 -32
983 1007 -67
983 1008 -45
984 1008 -8
984 1009 33
985 1009 -73
985 1010 18
986 1010 -75
986 1011 -11
987 1011 -59
987 1012 -36
988 1012 74
988 1013 7
989 1013 59
989 1014 60
990 1014 -26
990 1015 98
991 1015 -58
991 1016 37
992 1016 -84
992 1017 -72
993 1017 29
993 1018 -82
994 1018 -45
994 1019 84
995 1019 98
995 1020 -18
996 1020 -76
996 1021 -75
997 1021 -51
997 1022 94
998 1022 43
998 1023 43
999 1023 -80
999 1024 -5
1000 1024 21
1000 1025 -16
1001 1025 41
1001 1026 40
1002 1027 17
1003 1027 -85
1003 1028 -58
1004 1028 -84
1004 1029 58
1005 1029 85
1005 1030 -34
1006 1030 7
1006 1031 -63
1007 1031 94
1007 1032 -2
1008 1032 -25
1008 1033 47
1009 1033 84
1009 1034 91
1010 1034 66
1010 1035 4
1011 1035 -70
1011 1036 -77
1012 1036 -19
1012 1037 47
1013 1037 25
1013 1038 -97
1014 1038 68
1014 1039 97
1015 1039 -59
1015 1040 -39
1016 1040 57
1016 1041 -7
1017 1041 -54
1017 1042 -66
1018 1042 -3
1018 1043 -11
1019 1043 -50
1019 1044 27
1020 1044 77
1020 1045 79
1021 1045 54
1021 1046 -31
1022 1046 45
1022 1047 94
1023 1047 -59
1023 1048 -74
1024 1048 -73
1024 1049 -33
1025 1049 -13
1025 1050 1
1026 1050 21
1026 1051 98
1027 1052 -94
1028 1052 -36
1028 1053 50
1029 1053 -96
1029 1054 73
1030 1054 -76
1030 1055 -85
1031 1055 12
1031 1056 -33
1032 1056 -47
1032 1057 -65
1033 1057 75
1033 1058 51
1034 1058 -19
1034 1059 -21
1035 1059 -42
1035 1060 -8
1036 1060 -82
1036 1061 60
1037 1061 -35
1037 1062 -88
1038 1062 63
1038 1063 -38
1039 1063 -39
1039 1064 35
1040 1064 93
1040 1065 6
1041 1065 53
1041 1066 -46
1042 1066 25
1042 1067 -71
1043 1067 -30
1043 1068 -90
1044 1068 89
1044 1069 49
1045 1069 76
1045 1070 -92
1046 1070 -27
1046 1071 -76
1047 1071 31
1047 1072 26
1048 1072 -22
1048 1073 -24
1049 1073 6
1049 1074 45
1050 1074 -85
1050 1075 94
1051 1075 36
1051 1076 -7
1052 1077 4
1053 1077 -39
1053 1078 46
1054 1078 50
1054 1079 -45
1055 1079 82
1055 1080 -99
1056 1080 -7
1056 1081 -63
1057 1081 -73
1057 1082 69
1058 1082 -81
1058 1083 -97
1059 1083 88
1059 1084 2
1060 1084 0
1060 1085 -22
1061 1085 89
1061 1086 16
1062 1086 29
1062 1087 -84
1063 1087 -80
1063 1088 -100
1064 1088 -41
1064 1089 89
1065 1089 -50
1065 1090 76
1066 1090 44
1066 1091 -76
1067 1091 -94
1067 1092 -62
1068 1092 52
1068 1093 -98
1069 1093 66
1069 1094 -80
1070 1094 11
1070 1095 -60
1071 1095 -29
1071 1096 12
1072 1096 -51
1072 1097 -22
1073 1097 -62
1073 1098 -56
1074 1098 -10
1074 1099 2
1075 1099 -70
1075 1100 17
1076 1100 -80
1076 1101 71
1077 1102 36
1078 1102 -55
1078 1103 40
1079 1103 20
1079 1104 84
1080 1104 7
1080 1105 66
1081 1105 68
1081 1106 -59
1082 1106 -44
1082 1107 34
1083 1107 -43
1083 1108 -49
1084 1108 41
1084 1109 83
1085 1109 -21
1085 1110 91
1086 1110 -23
1086 1111 -69
1087 1111 100
1087 1112 29
1088 1112 -74
1088 1113 -21
1089 1113 47
1089 1114 55
1090 1114 47
1090 1115 42
1091 1115 -34
1091 1116 -83
1092 1116 -42
1092 1117 98
1093 1117 12
1093 1118 94
1094 1118 29
1094 1119 48
1095 1119 99
1095 1120 -14
1096 1120 -54
1096 1121 5
1097 1121 -82
1097 1122 -46
1098 1122 43
1098 1123 91
1099 1123 -48
1099 1124 5
1100 1124 -61
1100 1125 -34
1101 1125 -27
1101 1126 -49
1102 1127 -9
1103 1127 69
1103 1128 32
1104 1128 48
1104 1129 -13
1105 1129 -15
1105 1130 -79
1106 1130 50
1106 1131 -51
1107 1131 -81
1107 1132 -65
1108 1132 -16
1108 1133 -34
1109 1133 -82
1109 1134 -83
1110 1134 73
1110 1135 70
1111 1135 -63
1111 1136 26
1112 1136 -78
1112 1137 13
1113 1137 -2
1113 1138 70
1114 1138 51
1114 1139 -54
1115 1139 92
1115 1140 -87
1116 1140 -28
1116 1141 38
1117 1141 82
1117 1142 56
1118 1142 75
1118 1143 69
1119 1143 -28
1119 1144 -68
1120 1144 -17
1120 1145 -44
1121 1145 -43
1121 1146 -81
1122 1146 71
1122 1147 14
1123 1147 -72
1123 1148 9
1124 1148 -41
1124 1149 43
1125 1149 94
1125 1150 69
1126 1150 11
1126 1151 16
1127 1152 -34
1128 1152 93
1128 1153 16
1129 1153 14
1129 1154 -98
1130 1154 40
1130 1155 -97
1131 1155 99
1131 1156 75
1132 1156 -75
1132 1157 28
1133 1157 66
1133 1158 -89
1134 1158 30
1134 1159 57
1135 1159 91
1135 1160 -17
1136 1160 -83
1136 1161 4
1137 1161 -56
1137 1162 -31
1138 1162 42
1138 1163 -8
1139 1163 -9
1139 1164 17
1140 1164 -33
1140 1165 -36
1141 1165 -74
1141 1166 59
1142 1166 99
1142 1167 61
1143 1167 64
1143 1168 -58
1144 1168 78
1144 1169 -80
1145 1169 27
1145 1170 -3
1146 1170 -48
1146 1171 18
1147 1171 -49
1147 1172 21
1148 1172 45
1148 1173 -19
1149 1173 17
1149 1174 -51
1150 1174 -35
1150 1175 99
1151 1175 53
1151 1176 34
1152 1177 -34
1153 1177 74
1153 1178 -8
1154 1178 13
1154 1179 -59
1155 1179 -88
1155 1180 -27
1156 1180 83
1156 1181 31
1157 1181 -43
1157 1182 -74
1158 1182 -7
1158 1183 -43
1159 1183 45
1159 1184 -86
1160 1184 11
1160 1185 -10
1161 1185 68
1161 1186 -27
1162 1186 -50
1162 1187 -27
1163 1187 -26
1163 1188 13
1164 1188 -88
1164 1189 -27
1165 1189 -88
1165 1190 90
1166 1190 100
1166 1191 100
1167 1191 78
1167 1192 -35
1168 1192 48
1168 1193 -17
1169 1193 81
1169 1194 -72
1170 1194 34
1170 1195 -63
1171 1195 98
1171 1196 -100
1172 1196 -71
1172 1197 51
1173 1197 -41
1173 1198 54
1174 1198 15
1174 1199 45
1175 1199 0
1175 1200 -57
1176 1200 -43
1176 1201 -31
1177 1202 23
1178 1202 86
1178 1203 -35
1179 1203 -3
1179 1204 94
1180 1204 -2
1180 1205 20
1181 1205 69
1181 1206 67
1182 1206 18
1182 1207 40
1183 1207 80
1183 1208 64
1184 1208 20
1184 1209 90
1185 1209 77
1185 1210 -19
1186 1210 -16
1186 1211 -38
1187 1211 -91
1187 1212 -43
1188 1212 -1
1188 1213 -93
1189 1213 -11
1189 1214 -36
1190 1214 92
1190 1215 95
1191 1215 -78
1191 1216 -50
1192 1216 72
1192 1217 57
1193 1217 -54
1193 1218 37
1194 1218 98
1194 1219 17
1195 1219 -51
1195 1220 76
1196 1220 3
1196 1221 -57
1197 1221 77
1197 1222 -21
1198 1222 39
1198 1223 84
1199 1223 -96
1199 1224 90
1200 1224 -1
1200 1225 84
1201 1225 96
1201 1226 2
1202 1227 -81
1203 1227 -51
1203 1228 -96
1204 1228 -33
1204 1229 -19
1205 1229 -98
1205 1230 -64
1206 1230 -89
1206 1231 -29
1207 1231 -22
1207 1232 18
1208 1232 -51
1208 1233 -3
1209 1233 -95
1209 1234 88
1210 1234 -33
1210 1235 64
1211 1235 61
1211 1236 52
1212 1236 -15
1212 1237 -80
1213 1237 -8
1213 1238 0
1214 1238 -64
1214 1239 61
1215 1239 -50
1215 1240 -97
1216 1240 0
1216 1241 -34
1217 1241 -34
1217 1242 -88
1218 1242 30
1218 1243 -4
1219 1243 -16
1219 1244 -83
1220 1244 7
1220 1245 37
1221 1245 -48
1221 1246 -80
1222 1246 47
1222 1247 60
1223 1247 27
1223 1248 20
1224 1248 99
1224 1249 48
1225 1249 -73
1225 1250 30
1226 1250 83
1226 1251 60
1227 1252 67
1228 1252 -97
1228 1253 -84
1229 1253 92
1229 1254 58
1230 1254 8
1230 1255 79
1231 1255 -54
1231 1256 -25
1232 1256 -87
1232 1257 18
1233 1257 -61
1233 1258 -2
1234 1258 66
1234 1259 73
1235 1259 69
1235 1260 92
1236 1260 -89
1236 1261 -38
1237 1261 -23
1237 1262 67
1238 1262 -28
1238 1263 -13
1239 1263 62
1239 1264 32
1240 1264 -26
1240 1265 -75
1241 1265 -77
1241 1266 -11
1242 1266 5
1242 1267 51
1243 1267 81
1243 1268 -70
1244 1268 21
1244 1269 -57
1245 1269 74
1245 1270 -60
1246 1270 93
1246 1271 44
1247 1271 64
1247 1272 58
1248 1272 -37
1248 1273 91
1249 1273 -7
1249 1274 97
1250 1274 -4
1250 1275 20
1251 1275 -53
1251 1276 53
1252 1277 60
1253 1277 -26
1253 1278 -64
1254 1278 49
1254 1279 8
1255 1279 -53
1255 1280 -16
1256 1280 -35
1256 1281 -29
1257 1281 44
1257 1282 -70
1258 1282 4
1258 1283 -41
1259 1283 -71
1259 1284 -49
1260 1284 82
1260 1285 -42
1261 1285 -61
1261 1286 -46
1262 1286 49
1262 1287 -40
1263 1287 87
1263 1288 -7
1264 1288 -2
1264 1289 -4
1265 1289 -13
1265 1290 -12
1266 1290 19
1266 1291 53
1267 1291 -69
1267 1292 -8
1268 1292 -59
1268 1293 58
1269 1293 -78
1269 1294 4
1270 1294 59
1270 1295 63
1271 1295 1
1271 1296 -41
1272 1296 26
1272 1297 -60
1273 1297 -88
1273 1298 -34
1274 1298 -2
1274 1299 21
1275 1299 -5
1275 1300 84
1276 1300 -33
1276 1301 58
1277 1302 -34
1278 1302 -2
1278 1303 -69
1279 1303 92
1279 1304 -95
1280 1304 -52
1280 1305 -71
1281 1305 93
1281 1306 -53
1282 1306 -66
1282 1307 7
1283 1307 -43
1283 1308 -27
1284 1308 -86
1284 1309 -55
1285 1309 -3
1285 1310 80
1286 1310 70
1286 1311 35
1287 1311 -14
1287 1312 2
1288 1312 10
1288 1313 -5
1289 1313 32
1289 1314 -83
1290 1314 -81
1290 1315 61
1291 1315 32
1291 1316 100
1292 1316 -83
1292 1317 3
1293 1317 77
1293 1318 -14
1294 1318 38
1294 1319 86
1295 1319 -34
1295 1320 81
1296 1320 -83
1296 1321 -36
1297 1321 -54
1297 1322 -35
1298 1322 7
1298 1323 -57
1299 1323 35
1299 1324 -70
1300 1324 64
1300 1325 -33
1301 1325 -80
1301 1326 43
1302 1327 23
1303 1327 -89
1303 1328 57
1304 1328 13
1304 1329 -75
1305 1329 -73
1305 1330 -81
1306 1330 -57
1306 1331 -9
1307 1331 -56
1307 1332 88
1308 1332 79
1308 1333 -71
1309 1333 26
1309 1334 -27
1310 1334 -98
1310 1335 -20
1311 1335 78
1311 1336 20
1312 1336 -30
1312 1337 16
1313 1337 -32
1313 1338 -53
1314 1338 97
1314 1339 -34
1315 1339 -80
1315 1340 -9
1316 1340 -98
1316 1341 76
1317 1341 -71
1317 1342 -70
1318 1342 100
1318 1343 -56
1319 1343 5
1319 1344 -18
1320 1344 -35
1320 1345 28
1321 1345 91
1321 1346 -28
1322 1346 -79
1322 1347 -42
1323 1347 42
1323 1348 48
1324 1348 -12
1324 1349 -45
1325 1349 1
1325 1350 67
1326 1350 -100
1326 1351 84
1327 1352 96
1328 1352 40
1328 1353 -67
1329 1353 53
1329 1354 14
1330 1354 89
1330 1355 66
1331 1355 -62
1331 1356 68
1332 1356 46
1332 1357 22
1333 1357 -75
1333 1358 -10
1334 1358 74
1334 1359 34
1335 1359 51
1335 1360 17
1336 1360 -97
1336 1361 27
1337 1361 -64
1337 1362 -84
1338 1362 3
1338 1363 -89
1339 1363 -69
1339 1364 86
1340 1364 -39
1340 1365 -80
1341 1365 -100
1341 1366 13
1342 1366 7
1342 1367 49
1343 1367 84
1343 1368 -56
1344 1368 56
1344 1369 32
1345 1369 1
1345 1370 -45
1346 1370 -75
1346 1371 8
1347 1371 -81
1347 1372 -20
1348 1372 -98
1348 1373 34
1349 1373 47
1349 1374 97
1350 1374 47
1350 1375 -86
1351 1375 -72
1351 1376 32
1352 1377 79
1353 1377 69
1353 1378 -3
1354 1378 -18
1354 1379 4
1355 1379 -50
1355 1380 -34
1356 1380 -85
1356 1381 -95
1357 1381 31
1357 1382 -87
1358 1382 -78
1358 1383 13
1359 1383 -96
1359 1384 -18
1360 1384 -83
1360 1385 74
1361 1385 -49
1361 1386 3
1362 1386 3
1362 1387 25
1363 1387 -7
1363 1388 6
1364 1388 -89
1364 1389 -77
1365 1389 71
1365 1390 78
1366 1390 -63
1366 1391 92
1367 1391 70
1367 1392 -32
1368 1392 64
1368 1393 88
1369 1393 -81
1369 1394 42
1370 1394 -26
1370 1395 -17
1371 1395 7
1371 1396 92
1372 1396 45
1372 1397 -11
1373 1397 -81
1373 1398 98
1374 1398 2
1374 1399 19
1375 1399 -7
1375 1400 -28
1376 1400 38
1376 1401 -56
1377 1402 50
1378 1402 53
1378 1403 -71
1379 1403 58
1379 1404 -67
1380 1404 -75
1380 1405 -61
1381 1405 95
1381 1406 40
1382 1406 -9
1382 1407 -5
1383 1407 -21
1383 1408 57
1384 1408 -46
1384 1409 -34
1385 1409 32
1385 1410 -5
1386 1410 -44
1386 1411 39
1387 1411 -55
1387 1412 -66
1388 1412 -20
1388 1413 -42
1389 1413 -62
1389 1414 2
1390 1414 -99
1390 1415 -14
1391 1415 77
1391 1416 66
1392 1416 60
1392 1417 76
1393 1417 83
1393 1418 7
1394 1418 -23
1394 1419 -26
1395 1419 -21
1395 1420 -83
1396 1420 5
1396 1421 -19
1397 1421 -2
1397 1422 -36
1398 1422 -2
1398 1423 5
1399 1423 -80
1399 1424 -24
1400 1424 -54
1400 1425 65
1401 1425 -86
1401 1426 -57
1402 1427 -41
1403 1427 -3
1403 1428 -61
1404 1428 79
1404 1429 -47
1405 1429 -91
1405 1430 2
1406 1430 56
1406 1431 -59
1407 1431 -27
1407 1432 -62
1408 1432 -61
1408 1433 68
1409 1433 52
1409 1434 90
1410 1434 42
1410 1435 -83
1411 1435 -52
1411 1436 -92
1412 1436 91
1412 1437 -45
1413 1437 -71
1413 1438 -66
1414 1438 -71
1414 1439 -79
1415 1439 10
1415 1440 -98
1416 1440 -56
1416 1441 -2
1417 1441 -66
1417 1442 11
1418 1442 -4
1418 1443 -54
1419 1443 -27
1419 1444 10
1420 1444 -6
1420 1445 -94
1421 1445 -25
1421 1446 -69
1422 1446 94
1422 1447 -75
1423 1447 -99
1423 1448 44
1424 1448 -11
1424 1449 -1
1425 1449 -73
1425 1450 -78
1426 1450 6
1426 1451 60
1427 1452 29
1428 1452 27
1428 1453 -45
1429 1453 -50
1429 1454 71
1430 1454 -68
1430 1455 98
1431 1455 0
1431 1456 61
1432 1456 -94
1432 1457 -15
1433 1457 -84
1433 1458 -56
1434 1458 -79
1434 1459 -61
1435 1459 12
1435 1460 -16
1436 1460 55
1436 1461 70
1437 1461 16
1437 1462 -26
1438 1462 53
1438 1463 91
1439 1463 10
1439 1464 -16
1440 1464 9
1440 1465 -5
1441 1465 -48
1441 1466 63
1442 1466 80
1442 1467 35
1443 1467 8
1443 1468 47
1444 1468 62
1444 1469 -65
1445 1469 -4
1445 1470 -1
1446 1470 -52
1446 1471 -21
1447 1471 -51
1447 1472 67
1448 1472 0
1448 1473 -87
1449 1473 83
1449 1474 5
1450 1474 -59
1450 1475 -15
1451 1475 -79
1451 1476 -10
1452 1477 -64
1453 1477 -62
1453 1478 -84
1454 1478 -97
1454 1479 99
1455 1479 27
1455 1480 -68
1456 1480 76
1456 1481 20
1457 1481 -89
1457 1482 21
1458 1482 -100
1458 1483 48
1459 1483 43
1459 1484 -10
1460 1484 -93
1460 1485 27
1461 1485 -12
1461 1486 -27
1462 1486 -86
1462 1487 -30
1463 1487 39
1463 1488 -43
1464 1488 -51
1464 1489 -71
1465 1489 -59
1465 1490 40
1466 1490 10
1466 1491 92
1467 1491 84
1467 1492 -57
1468 1492 37
1468 1493 36
1469 1493 -53
1469 1494 -95
1470 1494 64
1470 1495 50
1471 1495 10
1471 1496 39
1472 1496 -85
1472 1497 83
1473 1497 -77
1473 1498 -17
1474 1498 -26
1474 1499 59
1475 1499 36
1475 1500 -87
1476 1500 -85
1476 1501 79
1477 1502 60
1478 1502 -48
1478 1503 -24
1479 1503 -60
1479 1504 58
1480 1504 25
1480 1505 75
1481 1505 -84
1481 1506 -51
1482 1506 54
1482 1507 12
1483 1507 70
1483 1508 55
1484 1508 -32
1484 1509 -87
1485 1509 70
1485 1510 -90
1486 1510 39
1486 1511 97
1487 1511 -42
1487 1512 7
1488 1512 80
1488 1513 41
1489 1513 -60
1489 1514 22
1490 1514 -57
1490 1515 -48
1491 1515 -6
1491 1516 -83
1492 1516 -2
1492 1517 -41
1493 1517 -36
1493 1518 -30
1494 1518 -86
1494 1519 -9
1495 1519 -56
1495 1520 -59
1496 1520 2
1496 1521 -3
1497 1521 -26
1497 1522 73
1498 1522 -80
1498 1523 28
1499 1523 13
1499 1524 -23
1500 1524 -34
1500 1525 -70
1501 1525 -57
1501 1526 5
1502 1527 -1
1503 1527 -45
1503 1528 -70
1504 1528 -100
1504 1529 95
1505 1529 70
1505 1530 -48
1506 1530 -90
1506 1531 29
1507 1531 10
1507 1532 48
1508 1532 61
1508 1533 -1
1509 1533 57
1509 1534 80
1510 1534 50
1510 1535 -50
1511 1535 36
1511 1536 14
1512 1536 -63
1512 1537 68
1513 1537 31
1513 1538 -58
1514 1538 34
1514 1539 -56
1515 1539 -50
1515 1540 -34
1516 1540 -38
1516 1541 0
1517 1541 -18
1517 1542 -70
1518 1542 -89
1518 1543 -61
1519 1543 -89
1519 1544 75
1520 1544 -88
1520 1545 -78
1521 1545 -45
1521 1546 47
1522 1546 86
1522 1547 -41
1523 1547 -65
1523 1548 -17
1524 1548 1
1524 1549 27
1525 1549 -27
1525 1550 -36
1526 1550 65
1526 1551 -13
1527 1552 -2
1528 1552 50
1528 1553 -52
1529 1553 -11
1529 1554 13
1530 1554 31
1530 1555 23
1531 1555 2
1531 1556 -10
1532 1556 46
1532 1557 29
1533 1557 40
1533 1558 70
1534 1558 73
1534 1559 -4
1535 1559 97
1535 1560 -37
1536 1560 62
1536 1561 37
1537 1561 89
1537 1562 -43
1538 1562 -67
1538 1563 49
1539 1563 -89
1539 1564 -78
1540 1564 -96
1540 1565 -88
1541 1565 -4
1541 1566 -4
1542 1566 61
1542 1567 -19
1543 1567 2
1543 1568 -19
1544 1568 -27
1544 1569 29
1545 1569 -35
1545 1570 -24
1546 1570 -82
1546 1571 20
1547 1571 -33
1547 1572 -5
1548 1572 99
1548 1573 -4
1549 1573 -99
1549 1574 39
1550 1574 -80
1550 1575 -9
1551 1575 -64
1551 1576 -63
1552 1577 -65
1553 1577 -37
1553 1578 34
1554 1578 74
1554 1579 94
1555 1579 36
1555 1580 39
1556 1580 -52
1556 1581 -10
1557 1581 -17
1557 1582 -18
1558 1582 20
1558 1583 -41
1559 1583 3
1559 1584 47
1560 1584 41
1560 1585 -86
1561 1585 -14
1561 1586 -47
1562 1586 79
1562 1587 -65
1563 1587 -69
1563 1588 38
1564 1588 -85
1564 1589 -68
1565 1589 88
1565 1590 -91
1566 1590 -30
1566 1591 -13
1567 1591 -72
1567 1592 -4
1568 1592 14
1568 1593 5
1569 1593 13
1569 1594 -66
1570 1594 -1
1570 1595 60
1571 1595 -39
1571 1596 24
1572 1596 -64
1572 1597 99
1573 1597 56
1573 1598 56
1574 1598 -97
1574 1599 -65
1575 1599 -74
1575 1600 68
1576 1600 -45
1576 1601 -12
1577 1602 4
1578 1602 -80
1578 1603 -10
1579 1603 30
1579 1604 -93
1580 1604 -13
1580 1605 -18
1581 1605 7
1581 1606 15
1582 1606 91
1582 1607 -88
1583 1607 -32
1583 1608 -5
1584 1608 59
1584 1609 -14
1585 1609 -63
1585 1610 41
1586 1610 38
1586 1611 -88
1587 1611 -46
1587 1612 98
1588 1612 -74
1588 1613 73
1589 1613 33
1589 1614 88
1590 1614 47
1590 1615 -60
1591 1615 83
1591 1616 78
1592 1616 72
1592 1617 -16
1593 1617 70
1593 1618 -87
1594 1618 -7
1594 1619 -8
1595 1619 -2
1595 1620 -68
1596 1620 -52
1596 1621 -95
1597 1621 -39
1597 1622 -67
1598 1622 78
1598 1623 -32
1599 1623 -71
1599 1624 65
1600 1624 55
1600 1625 -35
1601 1625 -39
1601 1626 45
1602 1627 -100
1603 1627 55
1603 1628 -68
1604 1628 62
1604 1629 -60
1605 1629 -78
1605 1630 69
1606 1630 23
1606 1631 75
1607 1631 65
1607 1632 -14
1608 1632 73
1608 1633 -31
1609 1633 96
1609 1634 -56
1610 1634 28
1610 1635 -90
1611 1635 39
1611 1636 28
1612 1636 -10
1612 1637 37
1613 1637 -59
1613 1638 88
1614 1638 -12
1614 1639 0
1615 1639 42
1615 1640 65
1616 1640 40
1616 1641 61
1617 1641 76
1617 1642 -37
1618 1642 -24
1618 1643 -75
1619 1643 -6
1619 1644 -1
1620 1644 37
1620 1645 18
1621 1645 20
1621 1646 -50
1622 1646 -5
1622 1647 -69
1623 1647 -43
1623 1648 87
1624 1648 75
1624 1649 95
1625 1649 78
1625 1650 74
1626 1650 -99
1626 1651 -11
1627 1652 -52
1628 1652 -34
1628 1653 0
1629 1653 10
1629 1654 -93
1630 1654 -14
1630 1655 -99
1631 1655 -88
1631 1656 -27
1632 1656 -14
1632 1657 3
1633 1657 -10
1633 1658 73
1634 1658 -37
1634 1659 51
1635 1659 -85
1635 1660 -76
1636 1660 81
1636 1661 15
1637 1661 -35
1637 1662 -92
1638 1662 -94
1638 1663 23
1639 1663 -46
1639 1664 -52
1640 1664 -5
1640 1665 -59
1641 1665 27
1641 1666 32
1642 1666 85
1642 1667 32
1643 1667 52
1643 1668 48
1644 1668 -15
1644 1669 -17
1645 1669 7
1645 1670 9
1646 1670 86
1646 1671 -60
1647 1671 9
1647 1672 73
1648 1672 -40
1648 1673 70
1649 1673 -95
1649 1674 -91
1650 1674 97
1650 1675 50
1651 1675 -7
1651 1676 62
1652 1677 91
1653 1677 -83
1653 1678 53
1654 1678 -9
1654 1679 -54
1655 1679 100
1655 1680 62
1656 1680 -88
1656 1681 13
1657 1681 39
1657 1682 87
1658 1682 98
1658 1683 44
1659 1683 80
1659 1684 11
1660 1684 43
1660 1685 -53
1661 1685 21
1661 1686 -40
1662 1686 50
1662 1687 -44
1663 1687 -9
1663 1688 -75
1664 1688 19
1664 1689 -26
1665 1689 89
1665 1690 -15
1666 1690 29
1666 1691 -28
1667 1691 41
1667 1692 -47
1668 1692 31
1668 1693 25
1669 1693 71
1669 1694 -94
1670 1694 97
1670 1695 -26
1671 1695 51
1671 1696 50
1672 1696 25
1672 1697 -39
1673 1697 47
1673 1698 28
1674 1698 55
1674 1699 -34
1675 1699 80
1675 1700 91
1676 1700 25
1676 1701 18
1677 1702 -69
1678 1702 -93
1678 1703 3
1679 1703 -58
1679 1704 20
1680 1704 26
1680 1705 -12
1681 1705 51
1681 1706 -93
1682 1706 95
1682 1707 98
1683 1707 46
1683 1708 98
1684 1708 -14
1684 1709 68
1685 1709 20
1685 1710 -88
1686 1710 48
1686 1711 88
1687 1711 -49
1687 1712 74
1688 1712 43
1688 1713 31
1689 1713 -71
1689 1714 23
1690 1714 74
1690 1715 -76
1691 1715 42
1691 1716 -14
1692 1716 -82
1692 1717 100
1693 1717 -64
1693 1718 36
1694 1718 41
1694 1719 43
1695 1719 -55
1695 1720 58
1696 1720 50
1696 1721 49
1697 1721 -52
1697 1722 43
1698 1722 1
1698 1723 -11
1699 1723 81
1699 1724 -39
1700 1724 57
1700 1725 95
1701 1725 82
1701 1726 36
1702 1727 56
1703 1727 -9
1703 1728 40
1704 1728 24
1704 1729 -37
1705 1729 44
1705 1730 3
1706 1730 18
1706 1731 -37
1707 1731 -40
1707 1732 67
1708 1732 -98
1708 1733 -3
1709 1733 18
1709 1734 -17
1710 1734 99
1710 1735 98
1711 1735 93
1711 1736 58
1712 1736 99
1712 1737 -86
1713 1737 -14
1713 1738 64
1714 1738 -60
1714 1739 87
1715 1739 -2
1715 1740 59
1716 1740 -47
1716 1741 -12
1717 1741 91
1717 1742 -6
1718 1742 -12
1718 1743 -71
1719 1743 5
1719 1744 28
1720 1744 -43
1720 1745 10
1721 1745 84
1721 1746 29
1722 1746 64
1722 1747 33
1723 1747 -34
1723 1748 100
1724 1748 -34
1724 1749 58
1725 1749 63
1725 1750 -62
1726 1750 -50
1726 1751 92
1727 1752 60
1728 1752 34
1728 1753 20
1729 1753 76
1729 1754 -58
1730 1754 -26
1730 1755 15
1731 1755 -13
1731 1756 6
1732 1756 31
1732 1757 -16
1733 1757 -50
1733 1758 -23
1734 1758 14
1734 1759 17
1735 1759 49
1735 1760 65
1736 1760 41
1736 1761 49
1737 1761 -92
1737 1762 -17
1738 1762 -54
1738 1763 16
1739 1763 -16
1739 1764 78
1740 1764 42
1740 1765 90
1741 1765 18
1741 1766 -50
1742 1766 -30
1742 1767 -97
1743 1767 48
1743 1768 -1
1744 1768 -2
1744 1769 -73
1745 1769 -39
1745 1770 71
1746 1770 -86
1746 1771 93
1747 1771 30
1747 1772 45
1748 1772 -4
1748 1773 59
1749 1773 -21
1749 1774 -38
1750 1774 -7
1750 1775 14
1751 1775 -80
1751 1776 -65
1752 1777 -4
1753 1777 -56
1753 1778 -99
1754 1778 89
1754 1779 3
1755 1779 -27
1755 1780 46
1756 1780 44
1756 1781 54
1757 1781 45
1757 1782 66
1758 1782 75
1758 1783 96
1759 1783 -79
1759 1784 39
1760 1784 -82
1760 1785 12
1761 1785 48
1761 1786 79
1762 1786 -43
1762 1787 0
1763 1787 -75
1763 1788 -46
1764 1788 38
1764 1789 -31
1765 1789 -13
1765 1790 84
1766 1790 86
1766 1791 -45
1767 1791 -2
1767 1792 84
1768 1792 46
1768 1793 -81
1769 1793 -82
1769 1794 84
1770 1794 16
1770 1795 84
1771 1795 -97
1771 1796 -10
1772 1796 -30
1772 1797 57
1773 1797 84
1773 1798 65
1774 1798 -61
1774 1799 -6
1775 1799 -99
1775 1800 69
1776 1800 -90
1776 1801 63
1777 1802 -84
1778 1802 -61
1778 1803 -3
1779 1803 -94
1779 1804 -23
1780 1804 -44
1780 1805 -28
1781 1805 28
1781 1806 -27
1782 1806 -87
1782 1807 -38
1783 1807 22
1783 1808 -92
1784 1808 21
1784 1809 -93
1785 1809 66
1785 1810 -87
1786 1810 -64
1786 1811 80
1787 1811 39
1787 1812 82
1788 1812 -63
1788 1813 -44
1789 1813 90
1789 1814 -71
1790 1814 64
1790 1815 -41
1791 1815 38
1791 1816 46
1792 1816 -57
1792 1817 -64
1793 1817 -17
1793 1818 75
1794 1818 -88
1794 1819 -39
1795 1819 84
1795 1820 76
1796 1820 32
1796 1821 4
1797 1821 3
1797 1822 82
1798 1822 -9
1798 1823 52
1799 1823 -33
1799 1824 63
1800 1824 40
1800 1825 57
1801 1825 34
1801 1826 6
1802 1827 48
1803 1827 15
1803 1828 25
1804 1828 10
1804 1829 75
1805 1829 -15
1805 1830 -36
1806 1830 -76
1806 1831 -63
1807 1831 7
1807 1832 -3
1808 1832 -97
1808 1833 78
1809 1833 -7
1809 1834 54
1810 1834 71
1810 1835 -22
1811 1835 53
1811 1836 -36
1812 1836 54
1812 1837 -77
1813 1837 13
1813 1838 -55
1814 1838 -64
1814 1839 100
1815 1839 -85
1815 1840 100
1816 1840 63
1816 1841 10
1817 1841 41
1817 1842 -24
1818 1842 86
1818 1843 -79
1819 1843 0
1819 1844 10
1820 1844 -74
1820 1845 -78
1821 1845 -6
1821 1846 -33
1822 1846 88
1822 1847 13
1823 1847 100
1823 1848 68
1824 1848 -63
1824 1849 5
1825 1849 -54
1825 1850 -49
1826 1850 -92
1826 1851 -95
1827 1852 83
1828 1852 12
1828 1853 -91
1829 1853 -34
1829 1854 -3
1830 1854 0
1830 1855 -95
1831 1855 -28
1831 1856 -22
1832 1856 -94
1832 1857 94
1833 1857 -20
1833 1858 -92
1834 1858 -16
1834 1859 91
1835 1859 45
1835 1860 -6
1836 1860 50
1836 1861 64
1837 1861 15
1837 1862 23
1838 1862 30
1838 1863 8
1839 1863 -12
1839 1864 67
1840 1864 17
1840 1865 -87
1841 1865 -89
1841 1866 -78
1842 1866 73
1842 1867 -82
1843 1867 88
1843 1868 -43
1844 1868 -57
1844 1869 70
1845 1869 20
1845 1870 -97
1846 1870 87
1846 1871 -25
1847 1871 2
1847 1872 48
1848 1872 79
1848 1873 20
1849 1873 1
1849 1874 52
1850 1874 34
1850 1875 77
1851 1875 -11
1851 1876 11
1852 1877 -80
1853 1877 -28
1853 1878 -4
1854 1878 48
1854 1879 96
1855 1879 -24
1855 1880 -62
1856 1880 -76
1856 1881 84
1857 1881 71
1857 1882 0
1858 1882 36
1858 1883 2
1859 1883 -23
1859 1884 26
1860 1884 85
1860 1885 -95
1861 1885 12
1861 1886 99
1862 1886 -5
1862 1887 -51
1863 1887 -39
1863 1888 -42
1864 1888 -72
1864 1889 67
1865 1889 14
1865 1890 -57
1866 1890 18
1866 1891 51
1867 1891 -47
1867 1892 -61
1868 1892 56
1868 1893 -60
1869 1893 79
1869 1894 -29
1870 1894 -89
1870 1895 19
1871 1895 29
1871 1896 -64
1872 1896 -90
1872 1897 -52
1873 1897 -53
1873 1898 -50
1874 1898 -7
1874 1899 -66
1875 1899 65
1875 1900 -47
1876 1900 -90
1876 1901 43
1877 1902 60
1878 1902 -56
1878 1903 -21
1879 1903 43
1879 1904 -12
1880 1904 -16
1880 1905 -91
1881 1905 27
1881 1906 99
1882 1906 19
1882 1907 -63
1883 1907 -76
1883 1908 -72
1884 1908 68
1884 1909 -40
1885 1909 -19
1885 1910 -80
1886 1910 -42
1886 1911 85
1887 1911 -81
1887 1912 -100
1888 1912 -48
1888 1913 -30
1889 1913 -40
1889 1914 18
1890 1914 -31
1890 1915 36
1891 1915 92
1891 1916 47
1892 1916 -96
1892 1917 -65
1893 1917 56
1893 1918 40
1894 1918 -74
1894 1919 84
1895 1919 44
1895 1920 -34
1896 1920 -31
1896 1921 83
1897 1921 54
1897 1922 88
1898 1922 96
1898 1923 22
1899 1923 -23
1899 1924 -88
1900 1924 -7
1900 1925 2
1901 1925 -79
1901 1926 32
1902 1927 -49
1903 1927 -18
1903 1928 -48
1904 1928 -99
1904 1929 44
1905 1929 -17
1905 1930 94
1906 1930 -40
1906 1931 35
1907 1931 49
1907 1932 -19
1908 1932 -9
1908 1933 -18
1909 1933 -27
1909 1934 58
1910 1934 48
1910 1935 -25
1911 1935 18
1911 1936 -54
1912 1936 90
1912 1937 25
1913 1937 61
1913 1938 76
1914 1938 -93
1914 1939 -63
1915 1939 -75
1915 1940 -17
1916 1940 -67
1916 1941 74
1917 1941 79
1917 1942 61
1918 1942 5
1918 1943 -97
1919 1943 -69
1919 1944 48
1920 1944 -45
1920 1945 -92
1921 1945 -34
1921 1946 51
1922 1946 -60
1922 1947 -3
1923 1947 12
1923 1948 -43
1924 1948 -69
1924 1949 80
1925 1949 47
1925 1950 -6
1926 1950 80
1926 1951 -49
1927 1952 72
1928 1952 29
1928 1953 28
1929 1953 -48
1929 1954 2
1930 1954 -73
1930 1955 -53
1931 1955 19
1931 1956 42
1932 1956 28
1932 1957 -17
1933 1957 -46
1933 1958 93
1934 1958 53
1934 1959 60
1935 1959 -90
1935 1960 50
1936 1960 -81
1936 1961 65
1937 1961 -37
1937 1962 59
1938 1962 -72
1938 1963 -65
1939 1963 43
1939 1964 26
1940 1964 26
1940 1965 57
1941 1965 -17
1941 1966 -84
1942 1966 68
1942 1967 -90
1943 1967 -79
1943 1968 -28
1944 1968 -15
1944 1969 58
1945 1969 89
1945 1970 -29
1946 1970 -48
1946 1971 76
1947 1971 15
1947 1972 51
1948 1972 -42
1948 1973 -8
1949 1973 -15
1949 1974 21
1950 1974 -38
1950 1975 -24
1951 1975 -9
1951 1976 -73
1952 1977 51
1953 1977 56
1953 1978 90
1954 1978 -7
1954 1979 -10
1955 1979 -54
1955 1980 -63
1956 1980 75
1956 1981 49
1957 1981 45
1957 1982 34
1958 1982 8
1958 1983 -46
1959 1983 32
1959 1984 -13
1960 1984 78
1960 1985 -94
1961 1985 85
1961 1986 17
1962 1986 10
1962 1987 -60
1963 1987 76
1963 1988 82
1964 1988 -52
1964 1989 90
1965 1989 34
1965 1990 68
1966 1990 16
1966 1991 -80
1967 1991 -58
1967 1992 -56
1968 1992 -47
1968 1993 34
1969 1993 72
1969 1994 -25
1970 1994 -41
1970 1995 -80
1971 1995 -27
1971 1996 -78
1972 1996 28
1972 1997 -21
1973 1997 60
1973 1998 -8
1974 1998 2
1974 1999 36
1975 1999 -75
1975 2000 97
1976 2000 -80
1976 2001 59
1977 2002 94
1978 2002 23
1978 2003 93
1979 2003 65
1979 2004 -14
1980 2004 82
1980 2005 15
1981 2005 36
1981 2006 45
1982 2006 -99
1982 2007 -74
1983 2007 9
1983 2008 -7
1984 2008 33
1984 2009 -62
1985 2009 2
1985 2010 59
1986 2010 -53
1986 2011 -24
1987 2011 26
1987 2012 53
1988 2012 48
1988 2013 -60
1989 2013 44
1989 2014 -1
1990 2014 77
1990 2015 15
1991 2015 9
1991 2016 68
1992 2016 -8
1992 2017 -44
1993 2017 29
1993 2018 21
1994 2018 -94
1994 2019 -5
1995 2019 13
1995 2020 -50
1996 2020 97
1996 2021 67
1997 2021 71
1997 2022 35
1998 2022 -69
1998 2023 22
1999 2023 86
1999 2024 -17
2000 2024 -20
2000 2025 -25
2001 2025 33
2001 2026 -29
2002 2027 -38
2003 2027 -4
2003 2028 -6
2004 2028 1
2004 2029 10
2005 2029 -13
2005 2030 -82
2006 2030 19
2006 2031 -73
2007 2031 29
2007 2032 68
2008 2032 -80
2008 2033 6
2009 2033 -62
2009 2034 -56
2010 2034 -28
2010 2035 86
2011 2035 58
2011 2036 -26
2012 2036 72
2012 2037 34
2013 2037 27
2013 2038 83
2014 2038 87
2014 2039 20
2015 2039 -6
2015 2040 -71
2016 2040 -23
2016 2041 -97
2017 2041 81
2017 2042 52
2018 2042 -68
2018 2043 84
2019 2043 72
2019 2044 -14
2020 2044 39
2020 2045 -19
2021 2045 6
2021 2046 -52
2022 2046 35
2022 2047 74
2023 2047 100
2023 2048 16
2024 2048 -55
2024 2049 -49
2025 2049 89
2025 2050 -63
2026 2050 59
2026 2051 47
2027 2052 70
2028 2052 26
2028 2053 16
2029 2053 32
2029 2054 58
2030 2054 -73
2030 2055 -90
2031 2055 -72
2031 2056 45
2032 2056 48
2032 2057 94
2033 2057 92
2033 2058 35
2034 2058 50
2034 2059 -57
2035 2059 12
2035 2060 -29
2036 2060 -91
2036 2061 -96
2037 2061 -73
2037 2062 24
2038 2062 74
2038 2063 -100
2039 2063 54
2039 2064 93
2040 2064 -48
2040 2065 -89
2041 2065 -34
2041 2066 16
2042 2066 -40
2042 2067 96
2043 2067 74
2043 2068 44
2044 2068 69
2044 2069 -98
2045 2069 14
2045 2070 45
2046 2070 27
2046 2071 -23
2047 2071 -23
2047 2072 -94
2048 2072 34
2048 2073 -45
2049 2073 -25
2049 2074 26
2050 2074 79
2050 2075 59
2051 2075 36
2051 2076 81
2052 2077 24
2053 2077 -93
2053 2078 10
2054 2078 79
2054 2079 92
2055 2079 -95
2055 2080 64
2056 2080 -25
2056 2081 -36
2057 2081 -89
2057 2082 -11
2058 2082 -95
2058 2083 -99
2059 2083 -69
2059 2084 36
2060 2084 40
2060 2085 -100
2061 2085 78
2061 2086 -75
2062 2086 93
2062 2087 80
2063 2087 5
2063 2088 72
2064 2088 -87
2064 2089 46
2065 2089 67
2065 2090 -19
2066 2090 -84
2066 2091 -78
2067 2091 -61
2067 2092 5
2068 2092 26
2068 2093 -51
2069 2093 0
2069 2094 48
2070 2094 22
2070 2095 57
2071 2095 -89
2071 2096 84
2072 2096 -95
2072 2097 -51
2073 2097 -1
2073 2098 -69
2074 2098 -80
2074 2099 16
2075 2099 69
2075 2100 -68
2076 2100 -10
2076 2101 25
2077 2102 -47
2078 2102 -73
2078 2103 53
2079 2103 -61
2079 2104 -69
2080 2104 -93
2080 2105 -17
2081 2105 91
2081 2106 50
2082 2106 -63
2082 2107 72
2083 2107 -4
2083 2108 11
2084 2108 -56
2084 2109 -85
2085 2109 1
2085 2110 23
2086 2110 -29
2086 2111 82
2087 2111 45
2087 2112 60
2088 2112 -53
2088 2113 57
2089 2113 -26
2089 2114 -95
2090 2114 -84
2090 2115 -34
2091 2115 -33
2091 2116 -55
2092 2116 -33
2092 2117 -71
2093 2117 76
2093 2118 94
2094 2118 -19
2094 2119 -70
2095 2119 49
2095 2120 7
2096 2120 63
2096 2121 -87
2097 2121 -6
2097 2122 -78
2098 2122 -88
2098 2123 59
2099 2123 58
2099 2124 29
2100 2124 -91
2100 2125 -22
2101 2125 -3
2101 2126 -79
2102 2127 -87
2103 2127 -28
2103 2128 -8
2104 2128 92
2104 2129 -1
2105 2129 -84
2105 2130 88
2106 2130 40
2106 2131 65
2107 2131 87
2107 2132 26
2108 2132 -66
2108 2133 -76
2109 2133 -30
2109 2134 -47
2110 2134 -64
2110 2135 64
2111 2135 55
2111 2136 -64
2112 2136 33
2112 2137 -65
2113 2137 90
2113 2138 87
2114 2138 -27
2114 2139 -35
2115 2139 29
2115 2140 53
2116 2140 -79
2116 2141 81
2117 2141 -82
2117 2142 13
2118 2142 -77
2118 2143 -42
2119 2143 97
2119 2144 -13
2120 2144 -30
2120 2145 26
2121 2145 82
2121 2146 -76
2122 2146 -58
2122 2147 -14
2123 2147 84
2123 2148 -15
2124 2148 95
2124 2149 54
2125 2149 -75
2125 2150 90
2126 2150 56
2126 2151 74
2127 2152 -25
2128 2152 -80
2128 2153 9
2129 2153 37
2129 2154 -80
2130 2154 -30
2130 2155 -5
2131 2155 -98
2131 2156 65
2132 2156 -3
2132 2157 -56
2133 2157 100
2133 2158 6
2134 2158 -92
2134 2159 30
2135 2159 -43
2135 2160 91
2136 2160 -32
2136 2161 -58
2137 2161 -50
2137 2162 46
2138 2162 72
2138 2163 21
2139 2163 -33
2139 2164 -93
2140 2164 -27
2140 2165 -68
2141 2165 -66
2141 2166 -41
2142 2166 -19
2142 2167 -87
2143 2167 27
2143 2168 -25
2144 2168 63
2144 2169 -53
2145 2169 -96
2145 2170 -12
2146 2170 52
2146 2171 16
2147 2171 -67
2147 2172 89
2148 2172 -33
2148 2173 86
2149 2173 95
2149 2174 -30
2150 2174 -92
2150 2175 53
2151 2175 -44
2151 2176 22
2152 2177 60
2153 2177 64
2153 2178 76
2154 2178 41
2154 2179 44
2155 2179 52
2155 2180 -8
2156 2180 -16
2156 2181 -94
2157 2181 45
2157 2182 -39
2158 2182 97
2158 2183 -48
2159 2183 9
2159 2184 14
2160 2184 -5
2160 2185 -72
2161 2185 -35
2161 2186 24
2162 2186 -38
2162 2187 -95
2163 2187 10
2163 2188 97
2164 2188 -98
2164 2189 -64
2165 2189 53
2165 2190 -87
2166 2190 -19
2166 2191 39
2167 2191 -1
2167 2192 22
2168 2192 49
2168 2193 63
2169 2193 -11
2169 2194 -25
2170 2194 -5
2170 2195 2
2171 2195 52
2171 2196 38
2172 2196 -73
2172 2197 -19
2173 2197 -83
2173 2198 66
2174 2198 -47
2174 2199 97
2175 2199 -50
2175 2200 61
2176 2200 -97
2176 2201 -42
2177 2202 -47
2178 2202 4
2178 2203 14
2179 2203 -13
2179 2204 25
2180 2204 -95
2180 2205 13
2181 2205 -84
2181 2206 95
2182 2206 100
2182 2207 2
2183 2207 -100
2183 2208 87
2184 2208 -60
2184 2209 31
2185 2209 92
2185 2210 51
2186 2210 -74
2186 2211 17
2187 2211 -39
2187 2212 -40
2188 2212 -21
2188 2213 1
2189 2213 -75
2189 2214 -29
2190 2214 -34
2190 2215 -68
2191 2215 9
2191 2216 -8
2192 2216 -22
2192 2217 97
2193 2217 10
2193 2218 -16
2194 2218 -25
2194 2219 83
2195 2219 -64
2195 2220 61
2196 2220 57
2196 2221 36
2197 2221 85
2197 2222 -94
2198 2222 12
2198 2223 -96
2199 2223 -16
2199 2224 91
2200 2224 95
2200 2225 -95
2201 2225 4
2201 2226 -75
2202 2227 -82
2203 2227 -1
2203 2228 -67
2204 2228 50
2204 2229 58
2205 2229 86
2205 2230 38
2206 2230 -29
2206 2231 64
2207 2231 -29
2207 2232 -43
2208 2232 74
2208 2233 16
2209 2233 12
2209 2234 -72
2210 2234 71
2210 2235 38
2211 2235 55
2211 2236 -60
2212 2236 -65
2212 2237 85
2213 2237 -13
2213 2238 -27
2214 2238 -37
2214 2239 98
2215 2239 -82
2215 2240 78
2216 2240 -87
2216 2241 -71
2217 2241 8
2217 2242 -18
2218 2242 -14
2218 2243 -90
2219 2243 12
2219 2244 45
2220 2244 99
2220 2245 90
2221 2245 13
2221 2246 -31
2222 2246 -23
2222 2247 -49
2223 2247 -47
2223 2248 -12
2224 2248 -53
2224 2249 19
2225 2249 10
2225 2250 12
2226 2250 -15
2226 2251 50
2227 2252 75
2228 2252 84
2228 2253 67
2229 2253 -87
2229 2254 40
2230 2254 92
2230 2255 30
2231 2255 -28
2231 2256 -47
2232 2256 -15
2232 2257 -82
2233 2257 -25
2233 2258 -26
2234 2258 -64
2234 2259 7
2235 2259 69
2235 2260 27
2236 2260 51
2236 2261 21
2237 2261 86
2237 2262 78
2238 2262 -25
2238 2263 52
2239 2263 83
2239 2264 -29
2240 2264 50
2240 2265 -42
2241 2265 -1
2241 2266 33
2242 2266 92
2242 2267 -35
2243 2267 42
2243 2268 22
2244 2268 -7
2244 2269 73
2245 2269 65
2245 2270 69
2246 2270 -97
2246 2271 53
2247 2271 15
2247 2272 11
2248 2272 84
2248 2273 -72
2249 2273 -32
2249 2274 -35
2250 2274 3
2250 2275 90
2251 2275 -4
2251 2276 -55
2252 2277 86
2253 2277 3
2253 2278 -81
2254 2278 23
2254 2279 -86
2255 2279 60
2255 2280 39
2256 2280 -57
2256 2281 -11
2257 2281 86
2257 2282 61
2258 2282 85
2258 2283 85
2259 2283 -70
2259 2284 43
2260 2284 -28
2260 2285 -64
2261 2285 -97
2261 2286 -49
2262 2286 23
2262 2287 -16
2263 2287 -22
2263 2288 65
2264 2288 55
2264 2289 95
2265 2289 -36
2265 2290 -97
2266 2290 -43
2266 2291 -34
2267 2291 -69
2267 2292 -52
2268 2292 12
2268 2293 -15
2269 2293 16
2269 2294 -88
2270 2294 96
2270 2295 -9
2271 2295 52
2271 2296 78
2272 2296 -45
2272 2297 -39
2273 2297 -57
2273 2298 -14
2274 2298 6
2274 2299 -87
2275 2299 89
2275 2300 47
2276 2300 71
2276 2301 -7
2277 2302 90
2278 2302 5
2278 2303 40
2279 2303 51
2279 2304 -17
2280 2304 13
2280 2305 -48
2281 2305 -49
2281 2306 -65
2282 2306 54
2282 2307 -80
2283 2307 12
2283 2308 -83
2284 2308 -87
2284 2309 -2
2285 2309 11
2285 2310 71
2286 2310 -99
2286 2311 73
2287 2311 -31
2287 2312 97
2288 2312 0
2288 2313 -16
2289 2313 -92
2289 2314 93
2290 2314 91
2290 2315 -31
2291 2315 -62
2291 2316 23
2292 2316 91
2292 2317 86
2293 2317 -73
2293 2318 -4
2294 2318 53
2294 2319 54
2295 2319 -97
2295 2320 -100
2296 2320 74
2296 2321 -70
2297 2321 32
2297 2322 56
2298 2322 -54
2298 2323 22
2299 2323 2
2299 2324 100
2300 2324 8
2300 2325 -83
2301 2325 -24
2301 2326 -94
2302 2327 -63
2303 2327 13
2303 2328 -88
2304 2328 -6
2304 2329 42
2305 2329 -11
2305 2330 -18
2306 2330 31
2306 2331 -75
2307 2331 -4
2307 2332 69
2308 2332 88
2308 2333 -28
2309 2333 1
2309 2334 -24
2310 2334 78
2310 2335 1
2311 2335 -52
2311 2336 87
2312 2336 55
2312 2337 71
2313 2337 -69
2313 2338 43
2314 2338 -81
2314 2339 37
2315 2339 11
2315 2340 93
2316 2340 -19
2316 2341 63
2317 2341 81
2317 2342 -39
2318 2342 -99
2318 2343 -75
2319 2343 69
2319 2344 -83
2320 2344 -37
2320 2345 -63
2321 2345 -23
2321 2346 -92
2322 2346 -92
2322 2347 63
2323 2347 -9
2323 2348 -48
2324 2348 95
2324 2349 6
2325 2349 15
2325 2350 73
2326 2350 72
2326 2351 -30
2327 2352 21
2328 2352 9
2328 2353 -15
2329 2353 38
2329 2354 -10
2330 2354 -90
2330 2355 -35
2331 2355 -55
2331 2356 76
2332 2356 38
2332 2357 97
2333 2357 17
2333 2358 37
2334 2358 80
2334 2359 -52
2335 2359 -95
2335 2360 17
2336 2360 -100
2336 2361 16
2337 2361 99
2337 2362 89
2338 2362 -35
2338 2363 -73
2339 2363 27
2339 2364 66
2340 2364 -19
2340 2365 18
2341 2365 95
2341 2366 57
2342 2366 23
2342 2367 23
2343 2367 -74
2343 2368 -80
2344 2368 26
2344 2369 72
2345 2369 -42
2345 2370 100
2346 2370 31
2346 2371 -42
2347 2371 -79
2347 2372 -66
2348 2372 59
2348 2373 -63
2349 2373 70
2349 2374 -21
2350 2374 76
2350 2375 -73
2351 2375 16
2351 2376 48
2352 2377 -43
2353 2377 -2
2353 2378 -18
2354 2378 -75
2354 2379 -33
2355 2379 -95
2355 2380 99
2356 2380 93
2356 2381 -95
2357 2381 98
2357 2382 -53
2358 2382 66
2358 2383 -6
2359 2383 -48
2359 2384 78
2360 2384 43
2360 2385 24
2361 2385 -24
2361 2386 -30
2362 2386 1
2362 2387 -14
2363 2387 4
2363 2388 87
2364 2388 90
2364 2389 -11
2365 2389 -11
2365 2390 70
2366 2390 84
2366 2391 49
2367 2391 62
2367 2392 53
2368 2392 27
2368 2393 -18
2369 2393 17
2369 2394 73
2370 2394 -46
2370 2395 50
2371 2395 33
2371 2396 27
2372 2396 -7
2372 2397 100
2373 2397 -43
2373 2398 -48
2374 2398 4
2374 2399 56
2375 2399 -63
2375 2400 -69
2376 2400 97
2376 2401 42
2377 2402 -96
2378 2402 -2
2378 2403 -26
2379 2403 -58
2379 2404 29
2380 2404 -95
2380 2405 -48
2381 2405 -91
2381 2406 54
2382 2406 79
2382 2407 89
2383 2407 -45
2383 2408 -92
2384 2408 -36
2384 2409 75
2385 2409 -51
2385 2410 -57
2386 2410 69
2386 2411 -36
2387 2411 77
2387 2412 26
2388 2412 -9
2388 2413 -27
2389 2413 -17
2389 2414 35
2390 2414 -33
2390 2415 43
2391 2415 9
2391 2416 -39
2392 2416 55
2392 2417 -41
2393 2417 -47
2393 2418 -12
2394 2418 18
2394 2419 -61
2395 2419 -16
2395 2420 63
2396 2420 30
2396 2421 -54
2397 2421 -45
2397 2422 -52
2398 2422 85
2398 2423 -50
2399 2423 -80
2399 2424 96
2400 2424 -23
2400 2425 -99
2401 2425 -38
2401 2426 -96
2402 2427 -65
2403 2427 83
2403 2428 89
2404 2428 -7
2404 2429 74
2405 2429 73
2405 2430 66
2406 2430 -4
2406 2431 -46
2407 2431 -59
2407 2432 20
2408 2432 -18
2408 2433 24
2409 2433 48
2409 2434 80
2410 2434 87
2410 2435 -12
2411 2435 -53
2411 2436 -64
2412 2436 -28
2412 2437 54
2413 2437 92
2413 2438 54
2414 2438 -17
2414 2439 -97
2415 2439 73
2415 2440 4
2416 2440 -12
2416 2441 12
2417 2441 58
2417 2442 -98
2418 2442 42
2418 2443 89
2419 2443 -42
2419 2444 27
2420 2444 15
2420 2445 94
2421 2445 33
2421 2446 -66
2422 2446 -37
2422 2447 -69
2423 2447 75
2423 2448 85
2424 2448 -6
2424 2449 99
2425 2449 92
2425 2450 88
2426 2450 -6
2426 2451 -95
2427 2452 70
2428 2452 66
2428 2453 -61
2429 2453 -66
2429 2454 -100
2430 2454 52
2430 2455 20
2431 2455 -62
2431 2456 -53
2432 2456 -26
2432 2457 -99
2433 2457 -10
2433 2458 -91
2434 2458 12
2434 2459 -75
2435 2459 1
2435 2460 -20
2436 2460 -78
2436 2461 91
2437 2461 51
2437 2462 -34
2438 2462 -19
2438 2463 39
2439 2463 -4
2439 2464 -41
2440 2464 -66
2440 2465 -89
2441 2465 -80
2441 2466 84
2442 2466 40
2442 2467 44
2443 2467 -36
2443 2468 68
2444 2468 78
2444 2469 32
2445 2469 64
2445 2470 27
2446 2470 17
2446 2471 0
2447 2471 87
2447 2472 96
2448 2472 15
2448 2473 -31
2449 2473 39
2449 2474 -77
2450 2474 -91
2450 2475 92
2451 2475 -59
2451 2476 -6
2452 2477 -81
2453 2477 18
2453 2478 -23
2454 2478 13
2454 2479 52
2455 2479 1
2455 2480 14
2456 2480 13
2456 2481 -14
2457 2481 95
2457 2482 6
2458 2482 -27
2458 2483 62
2459 2483 -45
2459 2484 8
2460 2484 -76
2460 2485 36
2461 2485 -89
2461 2486 44
2462 2486 -40
2462 2487 86
2463 2487 86
2463 2488 12
2464 2488 52
2464 2489 -1
2465 2489 -71
2465 2490 1
2466 2490 17
2466 2491 72
2467 2491 17
2467 2492 26
2468 2492 7
2468 2493 8
2469 2493 -47
2469 2494 -54
2470 2494 26
2470 2495 62
2471 2495 -40
2471 2496 -46
2472 2496 -68
2472 2497 -41
2473 2497 -45
2473 2498 -41
2474 2498 55
2474 2499 -13
2475 2499 -69
2475 2500 -18
2476 2500 -70
2476 2501 -44
2477 2502 34
2478 2502 61
2478 2503 35
2479 2503 -17
2479 2504 -50
2480 2504 -73
2480 2505 5
2481 2505 68
2481 2506 12
2482 2506 89
2482 2507 -28
2483 2507 76
2483 2508 3
2484 2508 -27
2484 2509 -89
2485 2509 -71
2485 2510 19
2486 2510 92
2486 2511 -36
2487 2511 24
2487 2512 56
2488 2512 -68
2488 2513 25
2489 2513 37
2489 2514 92
2490 2514 58
2490 2515 -43
2491 2515 91
2491 2516 64
2492 2516 59
2492 2517 -97
2493 2517 -7
2493 2518 33
2494 2518 68
2494 2519 -18
2495 2519 18
2495 2520 -36
2496 2520 79
2496 2521 32
2497 2521 -30
2497 2522 -45
2498 2522 5
2498 2523 71
2499 2523 -15
2499 2524 -90
2500 2524 34
2500 2525 17
2501 2525 -91
2501 2526 68
2502 2527 -29
2503 2527 75
2504 2527 98
2505 2527 96
2506 2527 45
2507 2527 -22
2508 2527 -96
2509 2527 -52
2510 2527 73
2511 2527 -77
2512 2527 -98
2513 2527 61
2514 2527 48
2515 2527 59
2516 2527 8
2517 2527 47
2518 2527 27
2519 2527 24
2520 2527 59
2521 2527 -19
2522 2527 53
2523 2527 -13
2524 2527 -18
2525 2527 -18
2526 2527 27
2494 1032 20
1032 2469 33
2 2
1 2 -1
2 1 -1
2 1
1 2 -1
2 2
1 2 -1
2 1 -1
2 2
1 2 -1
2 1 -1
