1
820
108
570
28 107 43 1
35 62 11 65
64 15 24 54
53 107 17 83
69 43 54 93
98 77 96 74
52 96 11 58
57 3 26 38
21 26 30 51
2 77 54 49
50 27 16 16
104 39 7 86
107 35 82 5
73 32 63 95
24 29 29 45
46 7 33 38
46 52 77 66
105 32 77 98
46 24 96 59
104 5 50 59
53 85 97 48
92 37 45 99
80 89 58 96
101 80 58 98
38 73 43 24
40 55 39 54
98 45 9 5
87 58 98 89
18 75 59 69
67 93 40 47
107 8 10 8
13 100 43 41
84 34 6 35
44 77 80 71
60 85 48 59
17 38 41 15
64 63 58 55
7 41 98 77
1 74 8 96
85 81 53 97
96 55 89 85
60 66 14 49
83 83 6 29
24 67 86 7
93 96 66 92
77 56 94 19
98 32 29 56
90 35 1 47
67 25 22 39
27 99 32 87
59 60 38 27
76 107 13 76
94 14 61 45
65 73 95 82
80 13 27 33
17 58 62 12
51 64 82 21
53 90 37 59
98 4 33 85
67 86 42 76
1 78 44 96
100 76 94 30
85 91 58 95
38 104 78 74
43 54 14 50
104 103 63 92
53 103 51 15
64 22 88 97
49 44 40 37
53 105 99 81
100 77 65 26
47 101 34 84
66 6 83 81
11 97 69 4
102 58 53 100
13 71 95 72
63 8 70 98
17 97 20 17
75 98 17 27
74 87 12 41
57 80 95 96
43 19 11 17
98 27 52 14
70 62 50 65
58 33 3 29
8 42 43 99
66 38 56 73
88 4 7 53
50 17 15 38
107 11 74 81
10 50 12 66
42 7 72 59
29 98 38 9
105 67 95 56
90 36 60 86
17 1 39 100
102 21 38 14
85 78 14 46
69 5 88 16
44 70 28 98
57 89 51 19
79 23 23 94
81 71 6 6
108 59 28 82
20 8 17 82
108 58 3 32
9 21 39 82
31 41 48 36
101 31 41 31
46 22 40 44
99 23 79 79
93 106 79 42
31 75 45 59
41 35 89 62
65 22 78 22
27 8 64 17
44 49 90 66
89 85 65 17
39 48 15 37
12 14 68 79
45 53 53 5
15 78 69 100
25 54 1 49
36 72 62 13
31 21 98 62
84 1 87 77
92 31 47 23
76 25 75 49
72 83 41 81
23 74 29 70
108 63 94 84
104 50 89 49
48 57 25 86
9 40 21 84
34 102 79 13
33 29 37 48
87 32 75 12
8 69 21 62
89 55 13 87
74 89 18 22
107 17 48 78
9 8 35 12
61 78 4 68
67 63 100 27
81 46 92 3
33 98 77 96
34 88 84 11
58 7 5 93
54 71 80 12
51 61 72 87
75 18 92 60
6 46 54 72
100 4 55 76
11 75 49 38
18 8 62 1
28 61 91 18
96 79 28 4
104 7 39 38
71 5 15 47
72 45 39 42
29 67 17 27
40 76 46 54
5 38 45 73
79 28 98 73
5 23 71 2
71 97 31 48
74 54 51 11
10 41 53 53
61 95 37 18
74 53 94 56
107 51 11 24
4 49 99 27
103 76 69 56
30 63 94 92
72 53 3 2
99 30 61 100
42 9 33 74
89 93 54 45
87 15 31 47
97 99 14 7
108 89 25 39
73 94 13 39
61 7 1 21
79 32 3 53
23 26 27 63
89 95 36 64
88 51 3 56
90 20 52 36
35 66 73 59
52 70 73 69
85 105 58 27
92 1 15 41
81 64 41 72
17 29 39 6
19 44 97 49
81 69 68 75
47 34 75 99
40 34 14 40
27 97 0 26
105 16 52 36
38 70 92 27
9 63 58 50
24 82 31 58
46 66 21 71
1 15 57 2
7 4 33 41
57 61 94 98
33 64 82 18
4 22 11 48
42 11 63 66
82 98 79 45
90 107 96 66
52 48 84 32
14 55 31 58
7 91 90 6
72 48 9 39
39 52 68 28
52 95 18 66
27 26 84 62
21 34 12 6
40 21 46 26
42 54 8 35
63 31 28 25
94 19 6 12
78 59 8 22
14 23 68 68
93 98 8 94
96 90 74 7
75 50 32 82
28 19 93 47
77 95 100 59
36 43 10 61
56 38 70 14
48 18 67 85
66 35 53 90
87 11 50 59
31 85 81 26
107 96 40 8
17 91 92 43
93 6 30 63
103 45 35 27
22 5 42 71
94 41 87 18
6 52 47 22
80 37 28 36
29 19 54 49
70 105 96 70
39 69 42 83
89 16 35 56
83 53 92 63
43 38 71 23
21 73 59 41
95 101 43 19
62 31 64 26
36 102 87 58
18 2 44 89
82 88 66 91
29 44 34 13
34 66 92 32
29 74 57 80
57 44 5 50
47 47 96 71
74 83 96 47
51 19 88 59
46 99 56 48
27 15 97 38
90 33 75 31
107 89 37 5
4 23 58 10
39 98 0 54
73 37 94 4
106 52 61 24
96 24 16 22
63 43 3 79
8 49 56 21
38 83 2 10
6 69 91 31
54 82 74 64
8 79 77 67
77 35 82 31
44 87 53 4
58 16 85 84
13 90 64 73
13 98 1 73
68 52 60 68
105 2 44 38
22 13 17 69
49 18 95 61
42 74 81 1
66 11 46 73
40 67 26 58
21 92 88 98
95 62 87 61
28 28 36 56
38 75 6 56
15 5 69 73
23 97 93 49
97 26 4 6
1 68 46 60
94 47 72 26
106 89 26 78
106 37 68 82
64 75 92 30
94 20 88 14
105 42 26 2
77 67 36 20
35 74 71 10
12 101 35 52
53 60 38 6
63 17 69 97
36 29 74 12
38 59 45 17
21 22 70 92
37 76 55 48
101 12 43 77
100 2 90 55
80 72 65 28
19 3 66 80
59 8 93 35
96 37 15 33
33 102 59 88
7 98 44 100
104 29 91 88
41 52 17 25
51 60 71 13
40 35 97 32
95 70 79 61
80 65 90 7
24 58 34 73
97 47 98 17
14 30 12 30
2 8 25 33
63 63 13 53
55 74 30 28
55 75 95 28
63 80 23 6
44 105 46 63
37 32 44 36
59 22 16 25
57 98 8 2
37 105 59 76
89 80 75 38
84 11 35 16
66 19 45 62
62 53 11 52
71 49 72 38
19 88 56 56
49 60 8 85
36 44 21 43
57 20 85 6
85 94 74 26
34 86 64 39
40 102 14 65
1 89 33 71
24 30 43 51
58 45 57 30
52 4 24 81
93 50 35 37
17 15 23 67
73 41 46 82
24 62 10 59
32 1 3 74
106 97 92 32
26 3 3 34
77 89 84 28
43 86 30 58
102 52 70 91
96 5 63 47
98 90 14 21
92 17 83 45
5 75 29 54
48 71 30 5
72 106 20 22
6 89 17 76
105 1 45 72
82 106 82 32
70 71 9 37
74 26 75 61
2 18 63 59
105 5 88 72
68 84 45 19
14 75 53 82
52 47 51 36
49 41 57 66
44 83 8 99
37 82 64 56
20 103 52 18
11 87 41 27
20 10 39 63
79 63 47 38
2 51 48 3
88 52 19 32
36 88 20 5
94 1 18 91
26 40 60 91
41 83 4 70
44 36 23 0
77 49 80 64
65 35 37 15
61 104 98 58
39 84 15 91
107 34 35 79
16 64 50 5
40 68 41 72
23 16 8 8
18 10 99 94
67 53 14 76
46 79 31 51
78 32 87 63
54 23 29 79
97 60 74 66
81 100 8 6
80 19 62 72
85 57 50 92
4 39 76 0
42 15 17 62
19 94 0 28
13 52 15 93
40 81 38 96
12 97 70 71
93 35 1 52
101 52 93 21
14 81 34 45
30 101 55 44
25 46 41 7
65 65 69 99
31 42 68 93
31 47 29 85
18 78 99 27
85 32 58 15
35 4 63 45
39 100 83 77
103 16 96 66
13 8 3 49
52 23 67 4
99 53 75 59
52 24 57 10
35 102 15 30
7 31 44 81
93 94 24 43
52 54 83 37
27 90 62 37
55 2 58 50
35 19 40 26
98 25 22 58
80 92 83 8
103 11 52 37
13 96 81 90
39 2 13 46
57 102 83 93
49 97 44 74
41 87 63 69
95 87 26 9
38 10 70 73
103 35 28 48
47 87 4 8
86 4 80 76
13 21 100 92
26 63 35 4
20 78 1 2
8 17 57 37
8 32 91 2
88 67 45 50
99 42 62 51
76 83 45 19
62 106 18 2
65 5 42 76
97 17 100 68
18 36 96 20
75 11 23 90
71 52 11 35
22 40 79 90
61 107 38 52
21 52 34 97
61 51 71 80
26 84 32 64
1 26 47 43
101 98 90 100
41 63 18 28
44 26 51 73
44 107 16 47
66 3 27 61
75 67 35 15
30 86 46 77
58 55 70 95
36 63 11 60
55 56 71 78
26 21 36 83
23 95 34 98
26 92 28 48
38 61 21 29
11 82 83 38
18 32 79 63
88 73 72 33
53 38 61 69
10 83 95 62
91 77 100 52
35 92 57 88
88 1 19 28
18 62 11 43
50 38 78 60
62 45 10 79
90 8 25 52
105 108 4 84
72 13 66 28
5 46 27 68
48 35 10 84
5 61 79 75
17 60 88 72
108 94 68 22
41 73 21 46
63 104 9 76
6 17 46 4
14 90 20 42
10 91 98 32
69 31 55 35
6 6 46 86
95 97 64 31
66 87 81 100
72 47 41 87
72 61 79 1
46 64 55 49
98 92 0 52
30 27 27 43
54 73 49 31
12 29 44 4
7 29 6 41
78 30 36 25
93 1 59 17
30 105 70 29
75 26 46 6
10 44 99 56
70 20 41 39
95 8 86 19
57 24 76 49
34 92 60 18
22 1 26 58
89 18 23 51
69 64 66 82
17 86 45 99
17 45 45 68
29 3 63 2
35 59 44 4
37 91 38 15
4 12 62 64
32 96 11 61
64 86 99 25
53 19 45 100
66 36 24 100
104 22 3 72
25 71 71 30
60 12 52 4
55 51 76 72
106 71 17 44
39 31 8 66
12 107 10 67
10 38 22 14
90 71 99 46
93 73 40 65
4 6 88 32
29 103 50 28
22 30 9 66
20 48 75 75
104 82 10 29
6 61 27 46
38 68 48 66
62 84 8 6
20 13 91 19
32 21 84 22
16 32 97 14
