1
853
109
596
77 74 76 71
3 52 11 52
1 3 35 17
25 4 48 26
77 71 52 69
38 66 32 65
95 74 65 10
6 19 71 13
24 64 84 82
53 81 90 13
65 66 66 31
33 20 87 2
54 4 72 84
77 103 22 14
67 23 17 35
105 56 77 72
92 57 47 89
21 29 70 88
39 89 26 89
3 34 66 9
67 81 54 92
2 43 34 75
22 27 86 33
93 71 39 8
79 89 19 42
51 17 21 12
103 5 3 89
33 56 28 49
91 91 42 21
104 8 95 54
93 69 27 43
32 109 48 18
14 44 78 19
105 61 75 47
2 67 59 96
88 103 48 32
65 106 61 61
69 21 4 54
8 80 58 64
55 51 12 13
84 90 28 76
52 82 90 24
78 93 73 19
24 96 36 69
104 89 64 70
5 12 22 58
72 47 95 73
66 61 95 71
65 44 85 100
10 51 38 35
5 102 18 51
89 79 50 83
84 63 7 69
80 91 75 98
24 59 86 88
60 25 78 73
3 102 84 64
19 22 47 15
63 48 25 29
40 83 34 59
29 18 70 0
69 47 57 86
25 12 41 53
83 35 29 72
50 68 43 93
109 63 78 81
43 67 90 17
25 89 54 97
58 34 67 6
70 72 48 10
41 30 8 50
56 25 97 10
95 42 39 84
48 60 35 41
62 93 97 84
8 45 38 70
102 50 79 77
104 63 52 40
11 102 58 63
97 67 27 21
28 8 31 26
92 98 57 94
5 30 17 35
31 64 18 47
12 16 60 86
70 99 60 32
31 109 38 5
93 8 21 14
51 52 52 76
1 49 94 84
9 104 50 87
11 97 65 68
38 44 10 52
46 40 78 74
15 108 20 32
100 35 16 0
27 65 41 59
109 51 23 62
96 28 59 71
78 54 99 98
40 29 33 56
33 14 30 15
77 25 69 72
34 62 97 59
76 68 75 45
30 101 58 73
56 7 6 10
93 109 84 52
66 64 54 82
14 21 91 3
10 4 27 81
56 52 89 77
105 42 22 32
104 58 79 29
104 62 10 58
60 30 22 70
32 63 20 47
66 67 45 65
80 31 41 84
107 42 50 81
107 32 57 87
35 63 93 9
83 107 42 69
76 80 11 2
7 57 9 79
27 47 19 5
52 51 96 38
71 72 37 82
39 14 78 54
28 11 23 79
18 72 97 76
106 40 30 63
10 100 88 63
4 38 70 35
103 74 44 82
30 75 18 77
19 64 5 5
73 53 28 88
29 106 99 50
80 27 69 59
94 99 88 71
53 4 56 55
9 31 98 78
74 42 48 5
63 89 45 41
59 45 68 99
74 90 65 44
73 24 64 44
54 65 92 73
96 21 58 61
12 53 5 91
84 82 43 65
48 74 93 82
4 1 6 43
89 15 7 40
70 98 78 85
43 51 78 54
14 13 42 86
34 69 95 88
96 48 19 94
101 9 53 100
63 103 83 68
105 11 55 96
64 35 33 34
47 30 87 87
94 5 16 24
21 61 23 45
86 60 25 82
50 39 73 85
69 109 36 42
75 29 92 94
47 104 86 35
69 76 32 73
26 87 21 53
75 5 11 85
36 41 64 98
6 63 68 26
16 80 0 17
92 109 74 44
80 53 3 51
97 94 2 74
42 50 7 24
40 56 74 76
6 59 37 6
109 70 23 30
76 23 45 78
52 13 53 4
1 47 10 25
87 67 76 31
56 85 32 47
36 10 80 90
99 33 94 62
2 72 80 100
5 64 25 71
63 6 21 21
98 76 24 85
59 80 14 79
18 73 52 34
36 108 94 59
47 9 18 98
60 84 53 23
107 81 60 30
10 55 57 40
36 56 51 3
101 69 27 62
41 38 5 38
12 92 87 87
39 19 36 84
99 19 58 59
36 88 13 70
22 36 83 27
46 108 2 81
66 58 82 48
49 83 39 6
15 65 67 48
80 78 51 52
21 59 22 56
92 54 33 54
73 90 65 4
20 98 90 51
72 83 77 15
103 21 11 37
90 34 66 41
56 56 75 50
67 43 30 32
69 59 5 24
32 82 51 34
35 91 14 97
36 40 16 92
1 50 60 12
8 92 89 74
74 92 35 81
21 21 50 26
100 9 85 19
39 73 99 9
23 14 52 98
55 32 36 7
17 86 100 29
19 95 66 69
65 94 92 95
95 87 18 18
23 58 58 37
84 99 34 38
33 63 86 45
97 76 76 66
60 27 75 51
72 14 97 85
65 103 57 36
69 31 60 83
30 28 66 47
74 69 32 74
42 32 65 89
73 79 72 33
18 40 27 77
42 78 31 52
82 50 12 94
72 30 86 75
90 55 32 40
104 26 98 63
78 7 54 80
14 95 11 58
54 80 17 11
97 95 9 59
69 26 100 11
31 105 81 70
72 19 85 86
69 102 23 43
68 36 59 21
108 48 68 61
108 53 42 73
97 61 1 49
47 8 88 37
71 18 12 100
5 86 5 60
71 54 98 8
60 33 22 76
6 69 100 52
17 77 6 78
86 64 11 25
60 50 5 51
20 66 4 22
46 41 14 2
80 29 9 37
23 102 51 15
67 41 88 64
73 60 1 92
71 37 41 66
73 82 16 57
86 10 56 5
84 60 97 35
23 65 60 67
84 19 24 2
61 63 12 53
50 73 70 22
14 65 1 1
29 17 84 95
65 24 49 36
26 106 99 37
80 9 5 40
96 108 78 78
39 48 46 10
5 48 30 1
83 45 33 2
44 101 70 97
39 31 88 0
103 13 63 67
38 98 30 30
89 53 63 42
76 24 17 4
81 37 63 48
22 104 26 86
92 44 5 62
99 13 30 20
89 41 28 31
71 78 84 17
11 76 43 54
33 83 77 56
79 47 36 32
34 91 56 3
94 16 72 67
3 91 40 27
107 100 70 40
63 85 84 63
58 72 61 69
84 100 75 86
2 26 44 97
40 55 55 10
16 98 3 56
97 92 67 88
38 95 34 43
28 45 65 31
5 76 3 5
32 14 7 33
2 105 11 2
104 109 7 87
37 72 100 55
90 61 81 90
55 61 62 58
86 52 20 13
60 99 18 100
20 46 70 83
88 109 81 17
40 94 74 71
51 82 87 28
79 51 51 82
35 89 31 30
17 65 27 56
17 30 100 24
15 16 52 36
35 100 56 28
83 52 96 83
92 65 85 51
22 73 69 17
107 43 48 89
8 22 82 11
106 47 53 28
80 109 54 84
61 107 74 50
39 74 24 0
93 84 22 13
50 101 23 97
56 46 43 38
39 2 9 85
81 88 16 54
57 72 90 75
35 40 13 87
4 88 5 30
41 90 1 97
2 57 18 56
89 105 46 88
74 39 69 67
63 92 26 78
94 52 81 46
8 86 82 51
6 30 43 74
26 54 32 72
104 7 9 82
9 34 2 42
61 90 85 38
76 91 88 69
36 94 60 78
24 81 85 3
6 84 88 41
96 66 25 14
11 69 83 0
52 69 1 58
101 92 64 48
87 106 10 35
50 78 61 30
102 101 99 64
48 76 99 24
43 54 42 41
55 86 41 38
18 109 23 91
17 57 80 75
5 74 60 77
32 88 25 14
61 28 76 18
20 96 45 51
76 12 27 76
1 93 18 10
60 77 30 0
5 8 88 58
42 54 89 78
4 94 19 39
52 18 96 18
42 39 42 98
51 57 29 93
43 18 26 79
86 58 74 13
93 2 17 90
96 55 79 47
71 80 12 99
83 99 44 65
79 35 67 15
51 45 25 38
31 54 21 76
25 22 25 6
34 109 71 22
2 69 7 52
60 8 20 33
37 102 44 61
108 96 100 11
6 11 43 54
107 85 13 67
41 76 43 57
58 75 56 15
63 58 10 35
13 103 12 99
73 26 94 11
74 68 69 9
30 40 13 72
13 104 19 97
63 39 47 56
17 51 67 93
52 60 74 56
77 53 50 18
5 33 14 91
34 58 20 61
75 62 13 70
42 106 80 76
44 44 5 82
16 44 82 47
90 105 58 98
1 83 5 63
88 67 76 48
84 34 89 77
87 23 42 41
70 49 9 84
87 32 65 17
107 9 93 18
32 20 94 65
72 49 20 10
19 70 80 75
16 57 83 49
6 25 41 40
20 19 19 7
66 103 53 51
24 12 86 77
99 54 92 16
90 32 1 5
9 20 58 43
90 103 85 86
30 31 31 22
39 50 83 14
46 52 28 47
30 26 61 42
32 72 95 6
58 39 48 70
17 14 82 84
44 95 95 28
3 84 94 98
67 104 88 39
76 99 49 22
10 108 26 96
71 23 12 29
92 71 7 84
109 72 39 64
99 101 30 68
94 100 22 14
61 5 100 79
94 30 4 21
80 17 71 83
43 93 51 84
98 45 5 21
47 75 51 54
52 55 65 85
49 108 94 12
57 41 83 3
78 38 88 56
31 3 95 6
71 109 72 41
81 100 49 75
66 33 32 49
21 74 14 16
19 52 62 47
66 29 76 24
62 65 35 26
65 26 83 50
19 101 84 89
1 17 46 25
43 20 68 46
86 20 8 48
50 97 71 45
33 48 15 97
87 33 78 16
2 23 33 24
58 44 12 61
18 62 47 15
93 100 72 35
88 25 22 15
35 36 15 37
34 85 45 55
11 72 86 51
8 90 35 43
79 36 17 71
99 10 94 19
101 57 74 25
21 102 35 65
44 107 36 64
109 64 18 24
3 27 29 18
55 14 18 90
33 29 63 43
68 16 90 92
70 48 88 31
100 86 64 66
3 83 97 77
103 76 19 4
74 45 25 61
41 91 39 55
71 70 35 4
23 11 47 11
15 2 15 11
29 80 53 99
97 51 6 69
101 54 92 51
6 20 25 82
44 37 84 95
97 38 69 98
54 45 68 9
95 55 8 24
91 15 26 45
96 78 92 80
95 67 46 3
29 76 45 87
38 64 10 93
12 103 12 100
36 5 46 35
85 15 2 51
37 31 11 93
11 44 39 51
54 94 12 8
40 97 25 15
93 93 55 53
86 88 10 21
64 29 69 87
87 91 31 72
51 61 4 73
28 38 92 1
72 25 86 83
74 10 55 21
6 65 85 63
59 37 44 72
11 87 15 40
53 2 2 28
35 76 71 40
17 28 45 33
69 86 53 14
29 10 83 0
63 69 83 36
106 93 99 27
76 8 31 72
70 35 41 59
77 8 20 95
13 6 37 41
75 66 99 66
23 18 7 51
32 108 58 96
7 90 79 87
108 91 26 78
16 61 4 99
37 15 86 88
18 68 72 68
47 26 76 44
41 55 7 40
2 19 12 53
107 86 47 66
75 31 9 33
86 1 70 87
48 19 73 72
68 23 96 97
29 52 3 2
29 90 27 32
40 74 4 30
28 87 69 74
