1
273
119
2460
13 15 15 25
50 39 33 30
64 58 75 78
83 72 94 31
99 109 93 55
118 33 82 50
56 35 88 38
57 41 100 79
17 95 32 93
75 54 71 21
70 96 39 14
45 20 51 51
49 24 45 74
51 55 7 65
12 96 77 65
76 39 17 5
87 114 56 60
74 9 98 20
90 33 59 62
37 106 87 65
83 66 27 98
39 59 94 65
26 70 56 54
94 8 85 55
76 72 72 74
28 52 22 57
45 85 14 34
42 28 37 43
95 68 66 1
13 13 22 50
105 53 90 38
119 16 31 76
22 3 51 5
90 97 71 63
29 39 76 7
43 83 98 52
100 39 94 35
44 52 47 0
45 114 66 90
114 45 52 0
103 101 63 72
55 108 39 17
3 59 45 85
4 13 46 31
85 117 55 73
4 43 87 4
74 101 64 90
58 43 21 19
63 39 53 90
84 4 92 74
23 32 31 27
60 39 69 47
38 27 17 44
12 98 98 60
73 11 22 20
21 63 85 56
83 36 18 3
62 108 43 44
32 37 74 3
29 21 1 69
12 31 11 32
75 59 82 65
13 9 40 25
7 117 20 67
28 2 27 32
110 97 10 9
16 89 18 95
4 50 16 11
100 80 88 57
28 81 46 66
51 112 89 55
38 29 87 9
40 11 68 61
46 76 55 43
104 85 90 31
94 89 58 91
32 82 74 91
82 5 41 47
40 33 49 47
89 30 49 19
33 58 98 79
64 95 29 81
5 38 6 19
21 24 14 68
32 88 79 55
71 45 23 71
72 29 94 93
95 45 90 6
91 31 11 33
2 16 29 13
59 106 79 3
33 70 35 48
16 14 86 90
45 22 64 7
90 86 39 22
47 78 23 23
110 95 70 37
108 52 93 17
48 48 30 48
73 37 11 33
11 8 7 7
77 47 91 7
81 39 63 64
78 65 96 41
10 4 22 65
6 112 8 87
26 45 8 92
64 17 45 38
47 104 81 68
41 45 56 31
117 68 6 35
21 65 93 92
18 20 11 12
96 14 55 10
68 119 31 18
3 39 13 57
15 11 37 77
22 40 59 48
7 36 50 34
74 85 64 81
65 42 19 81
28 40 23 28
59 41 82 72
54 89 92 26
107 91 10 74
85 46 65 93
6 54 55 72
1 67 75 52
118 68 61 29
33 49 10 9
39 28 95 85
80 92 42 5
53 105 79 3
61 16 27 3
98 87 85 92
3 86 66 14
46 105 69 95
17 2 73 57
108 102 21 45
81 100 44 56
26 25 59 75
24 49 30 10
45 59 38 40
82 19 79 51
56 94 29 76
62 107 97 71
72 86 98 62
52 80 67 19
110 48 59 51
8 80 11 98
59 23 27 17
52 83 55 49
69 9 5 71
15 112 25 29
47 109 28 67
33 106 62 84
35 12 16 19
20 31 88 69
68 87 98 14
88 48 19 85
42 34 84 61
52 42 79 38
88 81 58 82
11 59 73 31
93 38 45 89
13 20 20 67
17 26 98 74
18 103 93 16
117 109 62 94
84 85 42 17
118 88 92 21
85 105 10 7
19 67 1 13
103 99 61 91
7 77 43 91
117 75 81 36
103 113 95 29
19 45 81 54
85 92 67 22
84 95 19 98
17 71 51 70
22 21 31 0
49 82 53 22
104 6 59 93
16 44 47 96
110 25 20 12
117 93 80 45
1 43 76 28
82 43 34 82
65 100 45 97
65 92 51 6
85 31 10 65
109 98 55 40
30 36 49 8
24 113 18 87
78 66 79 60
33 40 21 67
72 71 36 61
12 78 41 15
99 78 94 56
9 30 63 13
6 94 28 63
96 38 11 76
108 111 59 63
71 37 39 66
75 67 1 27
2 103 59 89
118 53 22 16
109 81 0 65
15 40 23 9
52 103 67 69
20 93 64 69
49 88 21 48
9 96 54 9
8 118 23 78
19 40 52 14
43 28 33 61
59 71 81 39
13 33 3 91
89 44 89 7
60 41 24 48
32 13 22 7
35 75 42 49
102 60 80 93
89 28 28 60
102 86 0 3
91 40 69 84
109 11 50 29
46 70 40 24
53 106 1 59
88 53 80 87
84 44 82 81
23 37 46 99
14 93 48 45
118 78 86 16
24 1 25 61
59 1 79 21
96 16 9 65
7 2 21 30
100 36 49 12
26 82 92 2
116 85 4 22
54 65 57 1
22 30 94 95
30 10 10 87
99 50 52 57
100 28 51 81
90 45 9 88
47 21 48 76
54 82 94 29
81 88 49 86
55 10 52 72
80 103 30 99
81 89 69 0
68 46 19 21
51 36 94 51
61 87 75 21
81 9 33 56
96 105 60 19
84 56 54 66
77 19 9 70
9 38 9 24
37 59 30 76
8 51 36 96
61 96 9 50
79 11 63 37
95 24 10 78
104 48 9 28
64 91 23 15
14 4 89 93
33 97 17 62
113 8 38 73
67 23 90 51
102 64 44 66
109 63 14 54
84 18 38 40
52 91 80 62
99 65 2 26
111 56 64 68
28 30 4 0
77 65 29 33
105 57 80 36
11 60 50 97
49 28 48 30
107 35 86 30
97 59 47 82
15 43 2 23
37 111 72 58
57 21 3 97
21 14 93 70
43 16 53 100
7 62 86 60
3 74 9 30
87 95 56 42
90 26 33 37
36 56 65 15
119 10 35 21
34 14 46 47
45 31 4 7
74 117 86 67
81 56 99 53
27 97 19 81
58 81 48 94
34 2 23 81
86 63 31 0
74 71 80 58
52 30 4 88
72 101 7 18
78 108 48 10
45 84 70 70
103 37 48 62
43 79 34 51
77 15 78 17
58 69 25 32
67 108 40 90
92 33 89 43
82 2 19 76
79 20 79 59
111 94 2 88
65 61 32 98
19 111 81 100
31 20 19 69
59 109 96 89
108 25 15 56
91 90 20 68
86 87 17 40
44 39 72 66
102 87 44 10
103 107 29 21
14 64 100 32
10 5 28 55
67 78 53 60
93 101 77 26
28 98 25 8
87 39 36 62
25 74 95 30
55 34 1 70
40 8 43 84
20 98 12 78
104 86 39 69
71 81 29 49
44 26 28 60
92 98 30 65
45 102 12 68
61 89 13 56
28 115 49 15
110 108 45 8
11 25 92 23
2 6 53 25
19 19 97 37
107 61 22 60
18 87 19 69
16 62 93 72
78 106 0 87
55 87 42 2
36 5 29 96
110 31 90 38
32 68 39 97
75 87 30 49
115 10 91 41
92 59 97 76
17 11 89 78
3 38 7 95
35 87 30 61
6 104 71 83
89 10 98 14
62 92 27 5
32 46 44 79
71 119 9 81
58 18 52 41
98 7 91 13
97 78 2 34
62 39 34 94
106 106 11 69
55 42 72 50
85 101 63 16
83 63 31 28
20 85 93 81
22 90 12 48
59 25 73 91
107 76 35 85
48 102 28 41
20 69 82 39
91 109 18 65
99 75 97 55
28 79 61 31
42 40 57 25
60 47 86 22
41 104 49 46
92 43 42 10
105 44 30 58
27 26 30 100
75 66 79 52
34 63 6 71
97 7 21 31
28 27 18 83
70 86 96 100
32 50 87 95
13 107 32 41
107 18 48 89
77 96 9 63
59 33 16 16
56 67 82 91
25 112 36 90
88 29 36 98
51 80 12 16
72 105 71 38
119 65 44 13
95 54 82 25
37 81 9 35
35 7 49 63
98 82 99 45
103 96 42 70
12 1 85 8
68 112 55 20
18 11 78 33
54 96 55 1
55 33 18 66
48 46 91 23
87 26 38 86
26 110 76 67
72 95 94 32
7 10 21 46
56 17 42 61
83 77 64 92
97 16 66 5
108 19 60 45
16 7 57 26
16 81 98 40
101 89 54 65
79 66 15 66
85 16 61 90
83 93 8 69
66 26 52 5
41 21 52 75
113 26 91 45
56 114 90 23
114 35 40 5
86 52 10 18
20 33 82 54
74 46 20 31
19 8 44 71
119 26 64 93
29 73 10 43
76 61 19 7
31 89 95 81
79 52 33 66
34 101 44 91
89 71 5 19
8 94 13 80
10 74 60 41
82 32 21 30
52 3 94 55
111 15 14 77
38 48 71 53
88 77 3 21
51 23 88 55
118 12 79 66
44 62 59 68
64 27 43 98
50 4 21 73
4 7 15 54
103 116 12 37
70 22 45 5
88 57 66 92
82 64 98 20
8 116 0 48
17 114 10 55
43 64 48 62
76 24 67 53
33 59 33 95
3 58 68 36
25 117 22 98
56 6 41 83
94 95 90 9
70 109 72 32
31 117 75 80
114 42 79 42
21 69 40 54
97 94 86 9
14 51 93 69
10 61 51 29
35 116 40 72
29 33 61 39
12 15 27 53
72 65 8 68
80 116 61 3
35 77 44 24
17 35 29 77
28 49 6 63
2 19 25 93
85 60 1 13
9 47 22 66
30 28 62 99
13 23 30 18
65 53 44 46
15 77 6 91
44 51 77 44
105 6 64 37
87 41 32 38
46 28 92 48
54 64 5 57
72 46 67 57
18 36 22 15
83 103 89 4
17 20 44 11
105 38 53 71
41 103 15 80
34 86 79 61
37 20 47 67
112 16 37 18
9 107 90 47
76 79 38 84
97 103 29 69
14 19 5 80
30 106 66 16
74 91 38 79
116 100 24 87
28 65 87 77
54 13 85 93
43 41 23 64
43 48 75 91
5 3 74 19
96 56 79 81
6 38 69 11
117 34 22 36
44 36 79 54
82 90 80 60
106 51 66 99
81 73 4 88
21 75 35 9
6 83 58 7
47 24 53 91
98 34 54 22
1 17 55 21
20 89 33 48
47 102 35 46
27 103 83 60
102 63 78 62
112 49 55 47
23 9 15 61
36 111 19 37
3 119 41 69
84 35 30 14
48 50 41 15
66 27 29 26
43 110 14 13
47 14 94 22
17 43 88 85
89 2 57 54
21 104 45 2
97 85 13 73
63 2 80 51
66 71 73 14
68 42 100 46
118 104 26 51
16 103 97 51
108 69 84 89
88 95 6 58
52 49 6 37
112 13 100 65
96 44 74 53
4 61 43 99
104 36 80 7
93 119 27 23
59 35 62 0
16 112 19 13
22 88 13 26
29 65 65 88
44 88 83 30
68 20 96 35
6 73 52 6
57 36 21 44
21 10 57 35
101 47 63 78
59 36 39 37
25 102 84 60
91 39 39 13
15 30 0 30
14 106 10 43
2 82 31 81
47 56 59 37
77 111 15 43
78 59 86 67
27 80 48 81
104 76 60 63
73 105 74 48
13 114 97 56
75 116 28 86
30 2 39 40
35 110 70 10
101 105 59 41
103 34 60 52
81 60 61 48
6 34 73 29
2 67 18 11
13 77 11 94
78 36 4 22
71 43 3 55
93 66 30 37
52 33 21 27
63 84 2 93
61 66 3 62
93 19 100 76
91 112 12 85
78 5 8 97
66 111 61 93
16 6 65 60
2 40 21 77
96 64 39 58
64 85 63 54
104 30 5 61
63 27 93 80
85 72 94 44
26 51 76 31
63 60 48 26
56 119 50 92
70 84 27 49
44 110 75 95
89 60 88 25
4 79 69 79
83 112 85 63
79 84 46 55
30 105 20 50
8 119 89 73
43 19 38 83
107 112 76 70
61 40 42 90
114 71 65 54
94 101 27 1
35 5 31 73
27 73 23 13
51 33 52 71
29 2 68 67
20 62 81 96
101 51 86 65
22 33 91 9
78 17 50 86
94 93 41 23
38 96 41 92
3 11 82 47
65 105 83 66
119 86 17 23
59 57 15 54
83 5 62 79
115 94 91 67
17 63 71 46
7 97 88 9
91 54 66 73
63 101 11 47
88 107 16 62
2 59 59 84
114 33 41 21
48 49 83 20
70 15 64 48
66 74 53 2
82 88 91 22
12 69 63 90
86 35 30 77
101 42 96 5
44 68 87 72
27 54 45 85
17 108 30 6
37 26 12 77
116 33 39 12
80 78 84 37
73 39 39 18
52 82 46 49
104 35 18 1
8 72 52 25
58 105 66 91
107 95 7 55
72 70 26 96
79 48 20 63
78 80 65 39
65 57 82 66
14 97 83 40
119 13 65 0
20 58 84 4
53 43 69 89
55 62 75 50
56 85 68 77
79 95 23 77
70 88 23 63
63 16 1 100
73 86 59 77
23 12 37 62
36 52 16 18
11 48 30 11
94 62 50 8
10 62 44 34
57 93 18 39
53 91 99 36
57 103 26 43
82 57 76 82
45 77 61 3
23 51 68 98
38 46 96 57
71 14 86 7
34 28 9 72
4 20 42 89
48 89 25 98
61 1 98 98
10 27 36 65
112 61 59 7
40 50 75 71
2 57 7 24
71 118 10 28
84 15 60 42
46 65 64 65
15 80 11 28
60 84 7 39
14 25 96 73
70 102 56 58
41 79 98 15
48 10 13 30
34 1 65 45
3 76 49 95
105 48 47 3
95 31 32 37
104 111 28 95
50 97 77 16
18 28 49 52
50 112 74 43
13 70 83 38
93 25 13 83
105 31 80 74
76 80 59 88
98 27 28 2
115 45 65 53
108 65 83 84
92 101 6 91
86 26 80 40
21 12 31 17
43 34 48 91
102 46 60 54
59 66 10 88
107 10 5 37
65 64 64 47
119 113 96 96
43 63 44 43
92 4 32 38
79 60 79 74
25 79 94 89
50 102 60 74
93 100 79 60
27 114 79 33
106 112 20 14
48 36 34 28
21 27 58 29
97 41 70 85
39 7 67 15
45 54 57 19
65 10 9 7
12 55 21 55
20 9 10 4
29 44 33 45
21 19 100 36
68 57 95 59
14 7 53 94
26 68 74 75
63 13 46 74
15 10 53 35
23 30 18 100
113 40 85 19
112 21 85 29
96 28 74 95
59 100 29 35
62 93 42 55
34 39 65 99
2 23 83 84
83 57 79 42
44 15 60 76
19 65 3 70
6 47 76 87
58 24 69 69
60 7 35 38
44 116 91 93
32 57 100 63
117 54 22 89
11 78 58 23
37 35 10 78
21 17 11 21
72 88 22 35
23 8 80 5
83 59 93 28
114 92 25 2
47 98 19 14
98 36 78 28
115 85 77 36
115 81 35 50
61 2 63 97
116 12 54 21
66 98 9 47
37 24 95 90
28 80 13 61
26 30 37 37
29 1 31 30
99 36 50 41
7 102 44 64
21 39 71 58
42 17 0 7
72 13 96 1
39 44 15 69
105 88 81 30
113 37 96 77
75 43 0 86
62 112 38 56
85 113 24 25
74 36 63 88
105 94 64 45
90 14 42 61
80 60 52 41
60 87 58 45
38 31 64 90
84 59 97 74
47 51 78 86
16 71 21 6
103 35 59 79
116 102 95 6
75 72 55 50
31 46 45 95
15 44 56 15
99 82 92 71
84 104 16 17
65 104 72 52
87 82 77 34
12 79 0 83
112 31 35 54
5 115 4 84
34 38 71 24
114 79 33 75
30 114 40 62
34 10 82 14
92 11 94 12
28 74 14 75
47 79 99 70
45 3 70 50
40 97 19 30
111 82 86 14
24 72 81 92
65 27 40 9
87 14 65 22
99 33 61 54
108 75 34 43
19 115 88 3
59 80 71 86
43 6 22 90
38 32 64 34
55 102 90 52
49 105 88 74
30 44 100 93
46 106 55 61
82 53 27 27
13 36 9 24
5 52 19 45
102 54 64 38
54 49 33 77
63 14 40 9
103 62 46 97
23 16 79 95
49 3 41 58
47 67 64 95
56 2 12 99
23 1 41 31
13 104 54 63
18 47 26 28
49 58 88 86
34 32 94 59
49 33 88 36
104 79 24 23
50 25 51 68
43 70 59 99
34 6 69 34
72 91 47 35
46 4 17 99
5 40 85 5
60 23 87 84
14 46 30 54
10 90 95 44
45 69 10 91
46 74 38 56
44 73 75 84
69 77 43 83
110 6 59 70
117 65 60 92
114 51 69 2
56 29 40 53
17 27 19 24
49 13 63 64
116 65 47 9
27 13 8 88
88 60 6 76
35 95 63 5
53 31 1 45
64 118 71 99
43 56 39 41
34 17 36 32
47 114 92 30
9 78 57 26
83 67 33 70
9 117 22 63
70 111 11 35
74 118 26 42
74 15 26 81
48 94 86 42
56 84 48 1
92 80 57 0
2 118 31 23
64 36 79 90
84 73 18 89
93 114 50 72
8 88 40 64
85 23 41 95
114 99 58 65
53 108 96 87
116 117 100 45
80 105 60 68
102 45 52 77
57 77 32 83
6 33 71 44
75 73 61 38
39 11 87 84
80 97 95 92
1 109 6 61
12 17 23 15
82 35 23 20
65 3 21 82
41 35 50 8
103 73 78 28
6 63 11 32
89 49 44 50
62 94 60 6
31 62 55 87
118 28 53 57
84 17 76 55
30 50 77 22
82 48 53 17
61 88 72 9
80 16 13 79
56 71 65 87
105 16 53 64
92 47 40 16
118 5 70 91
4 35 39 48
112 91 41 31
13 41 2 47
105 23 50 80
67 32 22 67
15 16 57 33
93 97 99 93
40 88 85 80
56 3 50 97
102 22 64 97
57 83 13 33
70 89 59 33
94 100 65 64
8 85 76 0
42 13 7 91
40 51 77 47
45 40 48 56
99 54 1 68
31 47 33 78
16 61 24 54
71 64 57 58
84 72 28 97
30 70 49 90
30 89 84 62
55 40 17 38
51 37 79 11
25 42 59 85
52 90 13 29
89 13 66 82
98 114 1 42
94 22 75 13
80 84 20 60
51 39 31 67
84 97 33 98
33 119 12 58
36 19 72 38
5 117 62 24
49 41 97 67
55 76 11 27
70 30 56 87
114 60 43 83
35 55 28 96
81 119 71 7
33 69 53 71
17 119 67 14
61 111 25 4
114 27 62 90
85 47 70 8
35 85 82 90
5 48 69 82
97 8 68 79
40 21 56 94
115 76 96 1
75 75 97 2
26 18 94 25
53 71 50 37
84 67 37 21
57 72 81 23
26 13 80 95
20 15 91 8
53 97 48 19
104 84 24 44
117 111 72 21
14 53 7 12
34 27 96 24
21 95 89 28
105 73 75 77
42 1 69 13
53 29 14 23
19 89 67 58
9 88 66 80
41 29 69 35
72 33 94 28
5 116 50 17
111 19 10 21
113 53 32 94
16 23 83 5
101 67 19 86
40 73 73 21
48 56 38 14
5 25 14 77
39 99 8 25
119 97 82 74
66 5 57 34
104 109 21 42
39 105 74 31
24 11 75 84
53 18 85 50
8 40 50 92
28 73 86 38
33 33 10 89
109 34 75 12
39 78 17 56
52 40 5 51
45 48 44 57
7 115 20 84
84 83 18 78
51 114 97 87
92 31 67 9
16 58 67 50
89 57 77 32
28 60 47 40
9 89 98 53
52 37 32 41
51 40 67 0
68 100 0 37
109 109 94 38
40 13 29 36
51 3 59 92
78 68 41 58
53 92 13 99
3 25 75 5
59 73 37 83
102 20 57 74
69 8 40 96
24 57 94 35
44 13 47 52
42 52 96 33
72 4 48 100
85 18 60 97
47 37 72 74
43 42 65 42
106 76 57 93
92 51 25 36
73 118 11 36
59 115 15 47
4 65 68 25
6 44 15 96
30 30 16 96
27 56 15 19
43 90 47 95
78 55 90 86
28 39 78 18
61 71 0 88
35 31 27 67
44 102 94 93
87 50 10 38
23 19 83 39
20 80 57 57
94 97 16 79
77 24 59 48
113 43 66 18
54 21 32 73
52 113 96 53
39 75 9 87
21 58 72 96
27 51 47 35
34 75 24 14
5 75 29 88
39 24 62 31
108 62 86 36
9 90 63 83
88 49 87 41
72 41 34 34
74 92 78 36
22 98 69 65
77 39 7 3
79 27 61 65
79 14 47 78
20 66 59 61
96 5 23 84
104 43 85 0
16 15 21 93
30 118 55 76
25 101 19 52
1 38 20 72
20 17 98 26
35 26 65 89
89 33 61 70
79 104 17 53
87 72 13 57
48 43 41 26
40 16 78 58
36 110 55 2
76 7 74 40
73 66 10 37
69 107 90 39
48 35 94 80
47 11 1 43
50 92 2 50
18 64 18 92
27 39 43 46
62 67 1 7
36 8 86 77
63 52 44 64
109 78 95 15
4 67 25 44
70 2 37 75
58 97 25 26
94 14 86 32
16 56 9 16
108 106 7 53
39 39 64 42
91 35 89 88
25 7 95 29
88 73 14 42
92 22 39 8
95 87 23 61
36 54 40 98
63 111 22 47
86 31 85 12
57 53 70 41
108 7 40 89
36 33 17 33
46 96 34 0
64 39 36 8
20 3 96 99
107 71 53 54
69 78 45 6
90 80 22 54
3 72 5 74
64 90 94 49
57 108 26 82
116 104 73 74
106 14 20 20
49 91 77 29
104 83 58 12
20 72 88 0
13 24 51 39
3 82 100 98
82 50 44 44
10 58 92 4
75 107 9 33
81 57 36 58
26 100 38 25
95 1 33 61
52 98 88 14
90 76 100 36
89 95 4 43
28 26 82 74
33 118 72 51
17 13 43 22
36 98 15 6
109 49 61 22
11 68 31 66
22 54 58 56
31 32 26 11
12 118 24 49
34 78 84 1
103 43 31 9
28 5 91 69
86 91 91 54
85 29 6 31
6 65 58 48
3 32 89 30
102 119 71 10
5 53 85 4
44 61 64 31
105 5 59 9
93 105 1 25
115 64 10 79
24 21 83 23
70 112 49 95
88 92 53 93
46 27 47 60
13 81 39 75
118 11 75 56
59 92 80 66
64 4 47 38
37 116 26 7
116 93 10 70
75 21 46 48
68 109 35 89
59 15 28 83
10 7 82 1
24 44 86 84
52 118 0 81
79 119 2 1
66 19 33 51
65 19 97 22
63 100 87 36
87 23 89 95
2 58 23 43
67 98 32 67
2 62 81 72
65 82 98 35
118 95 76 7
67 112 37 43
114 21 54 95
35 29 44 85
24 25 14 90
28 25 91 48
44 11 48 51
71 113 31 77
18 119 63 6
112 40 98 92
108 108 37 24
78 42 80 78
113 115 98 16
110 80 8 69
32 28 89 77
90 46 51 2
65 36 8 9
54 31 96 33
62 29 10 11
114 53 61 45
48 37 33 68
41 69 81 3
57 8 36 6
38 119 65 6
98 119 100 83
64 109 25 22
106 105 50 31
68 19 100 28
85 55 3 67
89 31 88 52
68 80 41 1
27 77 63 80
60 2 33 96
89 11 70 55
44 119 90 51
117 35 91 92
54 67 51 53
26 61 4 65
33 89 6 56
61 23 82 18
70 71 62 88
32 89 73 50
98 111 84 58
24 8 28 42
42 108 91 45
110 103 76 27
12 48 16 100
104 15 61 59
83 30 0 61
89 80 37 2
91 98 57 11
105 111 54 82
114 7 54 44
22 81 54 55
78 60 68 88
44 89 56 80
76 87 86 2
22 82 19 91
57 119 1 98
23 80 41 89
82 73 50 31
10 87 8 66
96 84 34 34
100 31 80 3
25 17 20 32
30 72 87 79
115 43 62 16
98 91 17 69
81 63 54 77
48 24 87 9
69 11 96 25
31 29 71 32
80 34 86 81
40 101 62 5
99 42 62 78
114 101 13 60
9 104 62 93
87 85 68 83
52 28 68 75
4 29 90 61
12 40 82 54
4 72 68 28
72 11 70 77
35 43 67 22
59 68 83 46
22 83 52 12
3 7 69 45
110 100 91 96
57 95 42 52
32 33 83 11
45 73 83 17
109 69 48 27
74 102 29 0
107 119 32 6
74 25 2 63
49 66 33 91
86 70 74 13
95 91 46 90
28 53 49 69
65 118 50 85
46 118 8 44
102 67 64 7
36 105 67 99
35 42 14 52
99 45 37 82
3 54 5 81
96 82 54 60
104 2 44 75
94 87 50 0
104 9 44 31
93 85 40 61
78 107 24 78
113 95 59 13
2 71 68 25
60 27 19 54
54 85 83 24
83 7 37 68
38 81 6 53
70 98 7 40
64 105 99 73
5 110 28 34
93 81 23 6
21 116 33 32
42 45 21 9
34 16 49 10
21 62 78 71
46 94 19 38
67 35 94 99
111 47 83 94
104 46 53 65
70 57 28 60
53 32 57 11
27 38 17 10
112 70 24 65
59 24 80 8
86 105 44 100
106 20 55 7
83 118 63 82
58 7 62 35
71 70 85 77
91 43 94 90
114 47 8 19
116 20 13 8
63 102 82 16
13 34 6 63
3 96 39 8
62 91 65 31
16 114 79 77
31 43 47 51
2 36 70 83
39 6 16 86
64 8 67 62
53 88 73 69
55 94 68 79
2 84 37 35
39 4 56 50
46 71 61 29
82 21 9 57
5 21 31 2
95 9 70 49
29 118 42 32
98 10 92 27
119 73 5 78
17 19 47 19
16 18 63 94
15 65 31 25
79 61 2 48
71 54 74 36
10 23 65 41
119 59 18 28
29 87 20 84
38 100 93 82
74 50 25 43
113 103 3 66
29 108 22 78
70 42 25 31
100 94 78 94
81 112 78 2
110 50 2 3
33 94 44 15
17 39 90 89
78 81 9 54
66 44 1 29
50 46 62 19
94 10 43 69
8 63 84 11
21 93 7 14
21 15 53 6
119 45 29 84
48 9 14 11
117 114 49 12
23 70 60 96
119 14 91 86
53 101 20 70
32 107 21 16
38 105 61 76
102 8 38 8
2 94 75 71
110 19 49 19
107 106 30 0
1 113 56 57
40 24 70 80
41 67 92 60
91 71 27 71
90 58 63 32
92 42 85 98
34 117 59 64
111 55 41 29
29 83 96 27
3 18 56 18
78 48 25 13
115 7 69 99
63 62 75 80
48 13 68 62
16 16 74 58
90 116 45 78
64 71 82 56
37 112 85 8
17 21 17 76
58 85 42 25
6 11 7 23
48 75 7 51
68 83 72 13
58 8 3 95
24 119 74 0
116 44 0 73
34 82 11 20
117 4 30 87
48 59 26 23
68 24 2 27
109 113 16 64
32 118 29 56
87 86 66 40
94 2 50 34
61 81 87 76
23 44 95 75
116 55 67 67
17 77 22 5
29 30 36 85
5 35 50 23
9 14 26 26
77 57 81 93
78 25 81 11
118 119 75 84
101 95 10 66
51 100 44 16
94 69 22 32
45 37 82 56
35 118 43 11
9 64 44 94
36 47 55 14
46 48 8 99
53 20 20 61
110 69 37 5
80 119 12 72
13 71 69 28
59 18 9 44
82 17 47 65
89 38 42 90
9 11 44 93
58 98 31 28
9 105 31 24
39 26 12 49
69 63 27 48
46 9 14 2
54 29 65 33
108 21 45 88
114 2 20 85
33 22 35 75
104 66 86 60
93 33 35 26
80 90 77 61
59 95 94 76
1 119 62 8
103 63 11 54
104 21 79 49
8 69 24 92
83 20 58 46
56 48 71 94
89 61 75 47
114 55 74 99
115 60 22 28
84 116 100 28
5 96 75 53
18 73 100 17
53 60 54 93
52 99 32 90
25 107 68 72
68 48 22 81
94 19 58 34
102 74 31 10
31 102 41 60
27 45 72 73
71 31 34 39
94 32 78 40
104 29 97 15
72 96 32 14
65 81 12 19
106 69 42 51
25 56 68 90
89 45 6 5
84 119 96 23
47 88 36 0
54 102 68 8
47 75 61 92
74 105 0 32
110 12 29 5
23 48 39 22
69 108 65 32
104 78 66 82
66 90 96 77
46 29 89 30
15 76 64 28
1 6 67 8
41 38 13 82
27 76 53 98
102 36 40 33
65 37 9 98
69 111 42 57
100 105 74 64
102 66 91 49
67 9 44 93
6 79 7 51
60 45 6 20
60 104 73 1
80 54 94 1
118 1 47 96
17 109 72 85
31 22 45 43
71 40 47 99
50 73 68 77
35 9 17 21
12 114 51 55
105 13 43 60
26 28 43 63
109 75 98 28
34 15 74 79
48 73 15 68
45 53 74 77
22 67 57 85
53 14 97 2
54 81 69 95
49 98 16 70
47 80 21 95
114 11 25 67
90 110 69 9
91 1 71 12
20 64 79 89
67 4 27 45
41 44 49 79
84 70 68 22
13 17 70 39
109 79 8 78
74 87 30 2
109 40 15 71
37 108 21 21
46 42 84 54
31 26 89 52
73 115 24 10
54 57 19 15
107 84 22 98
104 31 93 41
110 62 85 69
54 71 28 21
41 84 58 80
22 1 44 30
70 31 18 10
42 5 13 43
23 103 60 45
101 5 71 11
20 22 98 39
99 104 81 66
6 93 9 19
21 110 69 38
108 51 18 65
72 42 68 90
107 105 53 6
65 38 71 40
82 91 56 49
58 65 57 5
3 114 70 64
98 16 45 18
100 44 86 62
94 85 74 81
73 52 67 11
34 95 54 4
103 24 6 15
25 105 27 85
116 37 75 4
113 14 1 26
116 103 15 45
11 71 28 73
106 110 82 11
51 66 21 86
25 46 88 54
86 56 16 54
82 24 74 90
67 73 59 70
52 102 43 42
98 14 97 38
59 64 28 31
39 15 32 94
107 108 80 1
94 44 46 5
71 103 85 13
38 84 51 44
88 58 53 88
34 113 92 16
48 29 14 76
72 68 63 63
99 1 12 75
44 3 71 91
22 75 93 59
76 108 92 92
100 114 97 49
85 108 25 86
29 112 79 33
100 57 83 42
111 35 22 92
80 32 10 4
69 12 21 50
3 57 30 23
27 68 64 19
37 115 81 6
96 106 43 77
93 51 25 11
111 68 20 61
116 2 44 84
45 4 3 33
25 96 54 72
39 80 94 7
36 41 56 70
45 23 59 77
50 76 5 42
106 53 70 11
114 54 7 87
35 46 1 72
46 103 4 38
65 13 55 70
114 94 39 3
38 88 46 24
61 60 59 6
119 42 8 86
31 69 21 94
28 100 35 100
38 53 32 90
66 103 43 100
30 12 22 9
16 26 0 70
85 112 85 30
60 15 69 43
3 41 18 53
115 29 79 13
33 88 41 30
111 53 65 97
104 81 79 64
85 85 29 12
112 39 6 95
7 76 78 98
103 115 60 5
25 41 4 72
117 119 89 2
47 30 1 64
31 115 55 7
102 19 22 49
105 60 22 94
107 115 63 85
63 41 97 22
38 66 5 52
40 40 46 30
56 57 30 94
57 44 43 16
12 65 10 93
56 39 78 39
93 95 25 33
52 73 89 0
39 66 69 84
66 40 25 17
30 110 98 13
86 11 34 48
30 17 35 43
92 32 16 75
99 30 60 30
105 114 46 20
35 104 11 44
93 83 96 32
10 56 50 9
9 53 46 94
30 27 22 51
41 86 9 46
62 61 70 26
69 118 47 67
88 96 30 82
13 116 69 74
111 113 36 9
77 36 13 22
53 90 39 13
51 38 53 4
38 64 3 13
80 51 40 33
4 28 26 7
117 13 58 72
15 108 87 4
12 28 85 53
16 94 14 36
14 11 74 74
73 61 30 79
104 91 80 32
69 88 6 68
20 51 69 93
110 82 72 71
48 70 41 13
118 108 61 95
66 80 100 75
24 112 1 96
67 6 43 74
35 36 43 53
107 28 38 30
81 115 91 66
79 67 40 85
52 67 6 94
119 71 44 60
6 58 80 33
78 99 85 73
98 30 50 69
77 46 11 22
12 25 22 78
15 67 24 30
105 37 74 76
5 98 59 33
64 107 55 94
117 58 49 25
104 104 98 47
103 91 39 32
55 55 33 63
15 97 63 88
49 100 32 6
61 28 70 7
41 25 81 53
91 116 22 62
76 5 94 0
72 116 55 56
80 64 86 95
70 23 58 72
32 59 98 3
40 14 83 72
34 50 59 11
17 98 93 84
104 62 92 33
21 29 37 24
58 44 76 24
57 9 58 57
52 53 31 24
17 31 77 96
76 42 47 49
30 78 32 13
59 63 44 89
63 49 54 11
100 77 42 63
8 73 50 52
67 19 5 9
90 53 44 81
41 98 77 42
106 82 19 92
40 39 21 40
50 9 38 44
80 26 99 54
81 17 44 71
15 26 41 95
59 58 94 71
48 95 29 97
102 40 1 96
4 96 77 76
117 113 22 91
3 30 12 81
53 55 24 84
28 104 30 91
76 52 14 100
80 107 17 42
22 22 6 31
103 9 11 96
53 74 97 37
103 61 78 99
108 105 31 38
5 44 34 20
6 76 79 6
79 39 82 12
82 105 4 22
64 111 16 40
38 97 38 46
76 37 83 91
57 76 50 63
115 100 64 64
111 29 56 73
28 3 77 0
97 69 4 0
78 94 20 98
63 74 36 66
53 19 53 94
104 97 19 94
43 25 31 11
70 75 39 6
47 47 23 48
46 38 68 0
91 50 1 44
8 41 64 89
75 82 57 94
89 7 19 78
51 27 35 86
48 99 81 1
65 34 59 58
96 112 38 99
88 101 22 0
67 63 100 43
67 44 31 1
58 4 17 99
64 25 99 27
117 60 13 59
64 16 68 96
87 54 71 91
80 93 72 66
108 68 65 62
22 19 82 76
102 112 97 87
87 48 27 7
25 5 32 80
89 107 83 18
31 98 11 74
81 45 75 94
118 8 96 99
35 28 98 26
6 49 42 96
116 108 8 17
80 66 27 94
108 9 26 95
51 77 59 67
30 52 88 37
3 13 45 73
49 7 11 23
12 73 29 96
55 98 90 27
57 19 97 22
84 26 38 16
45 118 84 52
31 38 12 42
55 61 67 41
53 70 92 12
1 18 35 21
78 10 17 35
93 54 56 72
50 117 50 20
16 33 40 50
23 74 67 71
70 66 55 84
24 34 54 68
62 38 70 87
111 88 47 27
118 20 6 85
20 44 66 6
101 81 55 91
107 41 44 53
115 82 3 3
16 65 8 12
112 95 16 20
70 39 20 65
103 33 42 64
47 4 31 12
75 118 22 52
59 59 84 59
27 16 52 38
116 58 38 69
25 110 27 42
92 96 61 14
15 71 89 49
73 79 58 80
33 77 48 64
54 9 88 24
4 32 10 8
69 31 13 57
6 103 25 2
39 83 45 67
21 67 86 1
80 17 54 46
98 39 31 82
37 57 63 47
83 115 29 89
66 14 4 2
13 101 49 77
43 93 96 27
31 71 72 5
3 4 78 37
26 54 4 93
5 77 63 78
106 26 26 15
94 57 50 35
43 105 66 79
90 21 42 18
96 45 52 90
8 71 7 49
2 2 85 27
58 75 78 0
84 52 93 74
65 62 21 11
95 49 28 15
42 63 56 84
10 76 80 42
97 54 64 8
26 35 47 68
40 116 90 14
28 7 69 18
17 83 10 22
88 24 68 89
109 4 64 5
17 68 69 97
53 63 82 47
30 33 48 45
83 117 85 10
23 84 32 18
24 93 51 10
85 100 44 6
110 115 20 13
110 79 73 82
48 4 31 7
13 4 96 85
105 36 82 44
82 79 88 44
23 99 22 61
3 10 81 29
100 97 97 72
83 100 37 84
60 65 3 92
3 90 47 28
36 45 47 34
62 109 19 36
56 37 94 43
57 100 86 35
75 32 94 2
76 86 99 60
5 8 78 98
51 118 93 83
111 109 14 9
85 90 7 74
73 42 41 37
86 76 93 100
73 46 17 1
117 37 17 80
84 89 43 73
101 27 40 70
95 10 82 69
58 1 75 53
93 55 85 45
110 35 12 11
1 64 54 17
103 94 23 96
33 9 62 51
116 78 47 87
36 24 5 7
77 103 12 46
9 66 87 46
57 118 76 95
28 66 88 28
78 24 89 37
58 92 36 3
67 22 33 37
5 71 22 16
99 6 28 34
89 69 14 99
59 105 67 34
67 3 12 26
6 62 86 57
27 117 87 44
24 32 14 27
78 7 41 65
12 83 17 36
1 74 58 5
98 43 13 53
118 2 56 47
84 39 56 18
69 60 0 29
101 16 62 54
91 33 5 88
32 66 33 77
13 14 30 57
106 95 27 47
74 47 47 13
47 74 12 22
20 107 98 89
54 55 49 81
30 57 4 14
102 95 67 88
39 53 86 24
49 113 100 63
1 98 82 31
112 44 62 65
117 43 30 10
21 21 76 77
21 5 26 45
83 98 12 18
79 23 10 95
23 113 47 65
1 62 48 50
25 87 62 74
90 2 84 80
68 97 94 31
44 100 36 67
4 114 48 14
89 17 89 81
94 109 91 23
6 86 16 45
84 61 69 12
73 60 14 100
9 113 24 8
18 14 77 46
10 54 48 95
99 72 37 85
42 51 70 38
85 48 80 17
50 99 44 98
98 66 21 32
27 90 57 76
77 31 35 78
57 52 80 3
53 115 26 54
35 114 33 19
113 72 76 7
16 74 73 78
113 81 62 47
40 77 32 92
2 51 21 5
110 37 16 55
21 1 34 63
77 20 57 59
91 115 61 10
7 46 90 68
102 50 91 65
111 75 41 99
103 13 13 41
26 75 80 3
52 24 46 82
50 98 74 84
114 61 51 96
86 50 63 50
80 7 59 78
104 20 80 47
56 55 4 56
89 22 44 24
116 23 60 41
79 21 9 6
23 31 37 26
118 72 40 19
22 113 93 23
66 59 37 86
34 106 97 51
108 115 61 42
91 17 13 22
2 63 97 22
67 38 93 66
68 66 24 30
92 46 100 7
40 44 76 46
43 5 78 34
27 61 17 7
89 47 63 84
23 109 57 6
27 65 9 62
2 10 89 56
71 44 86 28
61 58 24 98
35 105 41 34
9 73 40 50
49 39 22 28
74 39 59 35
80 2 33 17
3 105 83 5
104 68 89 10
111 108 33 33
55 24 39 23
66 33 49 23
85 35 85 81
77 30 64 5
65 86 23 76
105 7 41 45
87 92 57 15
96 11 36 76
25 55 27 85
118 50 14 50
27 10 2 22
107 98 63 81
21 31 25 25
14 40 0 94
58 116 51 56
90 4 21 43
100 33 65 89
95 29 92 22
27 93 6 26
39 22 84 8
74 76 95 94
20 1 59 12
68 118 10 66
84 55 46 12
92 41 100 9
86 66 47 39
41 48 57 100
36 97 9 2
22 92 93 55
35 18 54 69
16 63 65 34
46 88 20 30
11 56 19 79
107 39 15 84
50 75 23 92
20 23 74 39
101 48 3 11
92 78 91 79
20 10 53 63
5 67 60 99
74 108 16 11
94 79 29 8
104 16 59 25
88 7 14 98
75 19 92 88
49 80 40 28
116 110 41 46
31 39 91 56
77 22 67 25
59 79 31 19
86 97 38 13
51 91 62 10
61 65 78 50
40 6 31 11
38 1 37 62
4 14 97 59
95 13 38 75
57 16 74 13
71 68 73 88
37 18 92 4
1 105 92 97
26 46 62 24
86 57 92 2
115 27 64 98
91 83 33 99
21 8 78 91
8 109 35 42
15 42 44 52
105 27 65 2
113 54 97 83
90 105 73 87
69 92 4 91
20 36 14 16
55 111 100 94
82 12 46 97
42 92 88 55
5 84 93 70
66 73 16 31
42 66 66 48
67 43 74 48
54 30 4 63
65 25 43 31
23 111 43 7
35 97 29 98
16 57 47 4
14 13 10 14
112 25 67 30
119 46 80 15
67 114 78 10
106 115 67 99
71 17 14 94
85 119 23 83
91 49 15 51
56 118 17 11
2 42 34 75
13 28 86 46
94 18 27 88
95 112 68 46
70 85 40 96
43 9 75 34
114 43 48 60
51 53 65 52
80 96 83 40
86 60 13 29
15 93 50 89
4 84 57 25
22 112 17 31
41 7 36 15
91 14 36 90
3 43 61 80
15 4 94 41
20 110 40 15
100 76 93 54
43 68 5 15
11 44 51 45
17 90 37 27
70 106 0 59
16 10 11 23
5 80 22 99
100 29 65 61
15 19 38 79
109 110 87 99
61 5 56 79
90 51 81 41
14 69 32 58
113 101 3 96
48 8 0 81
65 5 23 14
79 46 16 65
45 71 0 62
33 56 77 10
46 117 87 34
80 11 78 78
88 47 45 38
32 79 10 76
80 13 12 94
73 45 42 49
71 79 61 38
97 34 17 62
81 67 46 14
94 96 72 28
75 99 45 63
97 61 50 48
80 49 49 67
30 63 81 39
49 71 13 45
37 48 59 83
68 91 21 57
11 101 71 89
110 91 40 44
56 58 39 79
78 84 12 52
114 13 64 13
26 10 6 30
107 96 23 12
53 27 0 90
106 109 43 97
17 17 31 40
53 77 3 86
11 6 72 99
53 38 25 14
41 31 50 57
71 91 73 4
32 54 47 50
84 66 88 18
74 34 72 74
21 89 60 67
36 81 60 79
80 45 7 30
101 71 3 9
21 117 90 90
61 27 36 55
19 13 32 53
110 23 2 60
33 41 87 90
105 76 67 53
32 36 47 97
93 58 46 83
117 1 98 36
19 44 16 94
9 67 34 70
32 31 56 66
8 34 59 23
70 19 9 58
15 35 70 85
105 10 34 36
5 105 33 52
89 40 98 74
17 47 39 35
78 98 10 68
109 60 11 88
31 27 4 67
62 72 20 32
110 56 54 88
86 29 31 13
113 63 42 95
95 52 31 56
50 61 2 86
38 78 64 27
105 28 94 65
42 44 74 51
97 20 76 100
62 9 58 30
11 76 62 94
30 66 43 51
105 85 93 17
113 108 93 24
15 57 2 26
65 109 83 67
58 61 86 18
59 70 93 85
117 95 14 41
19 9 28 83
100 19 11 2
22 44 81 81
48 71 12 87
82 117 88 58
94 47 86 45
93 108 53 60
62 25 7 78
103 60 14 14
59 97 54 62
32 96 41 22
28 15 69 84
87 71 95 77
17 24 64 61
66 107 50 45
119 34 46 76
92 23 88 92
18 111 39 23
61 39 53 53
31 21 46 5
13 118 44 70
41 100 30 42
50 14 55 25
50 33 31 66
60 105 29 59
83 107 1 56
67 2 79 69
66 94 29 73
62 113 77 32
44 87 20 92
39 63 91 100
50 49 0 93
65 28 34 19
57 84 20 75
97 6 10 23
30 69 43 74
79 8 81 61
54 92 24 52
37 23 48 86
37 55 52 57
117 112 32 55
11 105 11 45
44 5 39 43
5 70 47 44
96 111 88 72
9 13 79 25
110 78 8 27
24 63 12 31
84 92 90 65
96 92 85 61
65 49 23 12
39 107 67 91
36 20 54 2
9 21 2 83
51 5 66 56
76 57 64 17
36 21 37 7
8 25 3 68
52 29 91 47
104 71 4 61
118 52 63 43
29 106 1 47
4 105 33 72
36 86 65 67
2 46 3 65
54 77 69 59
16 59 59 5
25 27 60 88
2 25 68 1
80 114 44 47
40 84 51 73
48 111 35 16
45 35 8 45
31 119 19 23
15 66 84 76
7 59 55 66
104 67 38 63
83 47 34 67
107 65 52 40
119 47 56 30
62 116 37 48
100 34 99 59
76 101 44 73
60 108 94 95
16 99 47 50
79 87 97 100
58 34 3 97
34 58 59 76
87 13 60 6
65 51 22 72
87 49 24 37
6 101 0 21
103 95 16 88
60 37 69 6
43 117 80 37
16 52 79 62
62 98 94 58
66 39 23 57
42 86 18 3
28 45 6 69
102 92 77 3
36 61 99 49
54 70 43 7
92 93 18 52
16 19 47 41
65 103 6 46
73 21 42 46
87 88 22 80
100 110 4 99
44 25 48 25
20 86 20 41
50 15 89 58
54 50 16 19
5 88 68 70
31 58 44 90
27 109 43 27
38 10 35 80
24 5 30 77
73 59 6 65
45 110 28 75
16 21 62 81
117 12 53 40
81 24 12 83
1 29 9 37
7 61 86 23
44 118 80 44
38 5 33 92
10 47 57 62
32 72 3 62
96 68 86 81
75 38 18 70
109 37 58 30
60 74 86 4
80 68 5 56
102 118 94 86
8 110 38 60
47 34 80 18
39 16 56 0
43 29 42 80
47 64 19 12
9 40 25 54
41 58 34 84
74 95 7 66
79 116 42 13
87 68 63 67
16 106 47 26
21 76 6 36
26 85 87 48
102 77 20 22
112 102 71 19
21 103 58 68
43 74 63 90
