100
0.29506,0.55102
0.93479,0.22031
0.26582,0.2369
0.03123,0.74945
0.08382,0.63773
0.02256,0.31769
0.86412,0.80081
0.51001,0.71228
0.34915,0.10707
0.11361,0.65305
0.34384,0.41851
0.11771,0.46656
0.42726,0.65198
0.45683,0.97199
0.38854,0.2723
0.01947,0.86441
0.53914,0.42203
0.65729,0.02934
0.60286,0.28172
0.01061,0.55656
0.57863,0.95818
0.46358,0.78501
0.24097,0.36606
0.37728,0.57417
0.91379,0.04927
0.29213,0.08964
0.19182,0.85077
0.30682,0.12331
0.77184,0.16751
0.44627,0.75661
0.71122,0.51246
0.94813,0.51329
0.14462,0.91124
0.92454,0.06447
0.84555,0.75129
0.55906,0.55036
0.02396,0.8157
0.57433,0.94548
0.72656,0.56163
0.61842,0.00719
0.68593,0.0892
0.67316,0.62082
0.87994,0.38954
0.26353,0.70265
0.22643,0.7325
0.80285,0.13302
0.65513,0.42408
0.37417,0.14377
0.97328,0.77503
0.31571,0.0851
0.34512,0.54908
0.25418,0.50903
0.77982,0.23021
0.63756,0.32434
0.8737,0.85456
0.5858,0.98778
0.43315,0.76025
0.92711,0.56937
0.70221,0.17653
0.53453,0.76505
0.92866,0.23388
0.48251,0.0651
0.97249,0.7601
0.0153,0.54843
0.23694,0.35891
0.15947,0.9433
0.05206,0.41562
0.19038,0.68643
0.43883,0.59166
0.9561,0.96734
0.59563,0.41285
0.22963,0.43459
0.36158,0.73
0.19423,0.91101
0.28898,0.71966
0.51883,0.25176
0.35682,0.81171
0.2067,0.60948
0.46958,0.48856
0.20968,0.95355
0.49977,0.06407
0.40191,0.60008
0.74424,0.54562
0.31876,0.79211
0.89018,0.00177
0.04537,0.97179
0.13535,0.20722
0.82017,0.48681
0.01707,0.94982
0.58098,0.79963
0.54441,0.68399
0.94796,0.62149
0.12004,0.18539
0.70643,0.28652
0.29427,0.15587
0.83479,0.37948
0.59244,0.58077
0.32518,0.54158
0.03569,0.86098
0.58858,0.15225
